11 479.33099999999104 68.95774110163936 31.042258898360643
12 486.69800000000396 68.47948214292829 31.52051785707171
13 464.85800000000745 70.19670738160293 29.803292618397066
14 500.21399999999267 67.6762145801569 32.323785419843105
15 478.48700000000827 68.54637012082222 31.453629879177782
16 448.09599999999045 73.7069489573793 26.293051042620704
17 532.1710000000021 63.003147484527574 36.996852515472426
18 478.3209999999963 68.8139053062471 31.186094693752906
19 482.3810000000085 68.16267224458434 31.837327755415657
20 518.2029999999941 64.73306599921177 35.266934000788225
21 449.42699999999604 73.36947935932278 26.63052064067722
22 527.0890000000072 63.306790693790916 36.693209306209084
23 470.86900000000605 69.49498480471264 30.505015195287356
24 478.1399999999994 70.53365959756717 29.466340402432834
25 486.1219999999885 69.08756443854799 30.912435561452014
26 462.3570000000036 70.8231366671409 29.1768633328591
27 474.971000000005 69.91976562780647 30.08023437219353
28 656.8340000000026 50.541505159600696 49.458494840399304
29 460.91300000000047 71.49240529125137 28.507594708748627
30 491.6409999999887 67.77219963346994 32.22780036653006
31 485.9180000000051 68.57200803428077 31.42799196571923
32 479.21199999999953 70.20716092253004 29.792839077469964
33 466.89100000000326 71.47871344704026 28.521286552959737
34 494.6299999999901 67.07344479712337 32.92655520287663
35 548.0170000000071 60.672015649171584 39.327984350828416
36 474.75800000000163 70.21532654531624 29.784673454683755
37 467.14599999999336 71.1470354022164 28.852964597783597
38 491.39400000000023 67.16155060907181 32.83844939092819
39 493.60199999999895 67.89596679107682 32.104033208923184
40 486.69200000001 67.51793742240851 32.48206257759149
41 490.94899999999325 66.96336279327785 33.03663720672215
42 477.099000000002 69.27066709424179 30.729332905758213
43 470.09500000000116 69.72954828279485 30.270451717205148
44 480.1570000000065 68.90697209453033 31.09302790546967
45 437.2259999999951 76.36744155196604 23.63255844803396
46 536.906999999992 61.56429325749302 38.43570674250698
47 465.93300000000454 71.75199438547217 28.248005614527827
48 458.5880000000034 72.15830549427757 27.84169450572243
49 512.1940000000031 66.3394397435312 33.6605602564688
50 486.3539999999921 68.73799125740202 31.262008742597985
51 478.51600000000326 70.3377003068022 29.662299693197795
52 467.0599999999977 70.09025392882555 29.909746071174453
53 456.1270000000077 73.26003941883347 26.739960581166528
54 451.7219999999943 73.44359583991191 26.556404160088093
55 521.5639999999985 64.21511262279336 35.784887377206644
56 486.36900000000605 69.36302066948203 30.636979330517974
57 474.1229999999923 69.52784404050524 30.472155959494756
58 481.21600000000035 68.56574178748143 31.43425821251857
59 488.4290000000037 67.54536483295784 32.454635167042156
60 504.5819999999949 66.80415472611396 33.195845273886036
61 496.3130000000092 67.66469143462689 32.33530856537311
62 473.4479999999894 68.98024703875556 31.019752961244436
63 484.1929999999993 68.41711672825068 31.582883271749324
64 474.7190000000119 69.96043132886537 30.03956867113463
65 468.81699999999546 71.34362875069282 28.656371249307185
66 489.4349999999977 68.49598618814 31.504013811860005
67 473.35800000000745 70.88791992530196 29.112080074698042
68 475.8209999999963 70.34245651204083 29.657543487959174
69 465.0599999999977 72.67639659399605 27.323603406003954
70 447.7810000000027 74.30376009700615 25.696239902993852
71 505.8570000000036 65.091818438796 34.908181561204
72 473.88799999999173 70.73730501724978 29.26269498275022
73 482.0420000000013 69.28734840532354 30.71265159467646
74 500.096000000005 66.75016596813121 33.24983403186879
75 482.73099999999977 68.98113856368877 31.018861436311226
76 487.9689999999973 69.32367015117063 30.67632984882937
77 484.67699999999604 68.55564840087276 31.444351599127245
78 469.0109999999986 71.74294206318149 28.257057936818512
79 484.2560000000085 68.92843454704777 31.07156545295223
80 505.98799999999756 66.12519269231964 33.874807307680356
81 480.22499999999127 70.85429121765789 29.145708782342112
82 475.4270000000106 71.73140566270008 28.268594337299916
83 462.24199999999837 71.47360906191778 28.526390938082216
84 468.7289999999921 72.89348429476345 27.106515705236546
85 469.3810000000085 71.0651965034893 28.934803496510696
86 492.497000000003 67.95425149795669 32.04574850204331
87 471.24299999998766 72.02448630535136 27.97551369464864
88 487.52300000000105 67.99170910909797 32.00829089090203
89 454.88000000000466 73.11663295817868 26.883367041821316
90 486.34100000000035 69.40084220743908 30.599157792560916
91 465.30599999999686 71.45890876112499 28.541091238875012
92 509.900999999998 66.1070384251188 33.8929615748812
93 468.1810000000114 71.26649308708146 28.733506912918543
94 477.3649999999907 69.60489981461323 30.395100185386767
95 485.8029999999999 68.87628318473126 31.123716815268736
96 447.3880000000063 73.63440905879122 26.36559094120878
97 493.5 67.46853090172469 32.53146909827531
98 470.60199999999895 70.2129336466808 29.787066353319204
99 470.02799999999115 70.99143455285973 29.00856544714027
100 490.9340000000084 68.04445404065208 31.955545959347916
101 458.74099999999453 71.98130971504368 28.01869028495632
102 471.33400000000256 70.26519835190673 29.734801648093267
103 494.16599999999744 67.65660729388061 32.34339270611939
104 488.3960000000079 66.91947517994433 33.08052482005567
105 504.16399999998976 66.05848295396925 33.941517046030754
106 506.46800000000803 66.44611110674164 33.55388889325836
107 504.83000000000175 66.02421013013523 33.97578986986477
108 468.19499999999243 71.09252341437549 28.907476585624508
109 485.375 69.17587226370647 30.824127736293534
110 448.8220000000001 74.20260816093375 25.79739183906625
111 499.29099999999744 66.40365438192379 33.596345618076214
112 493.03600000000733 68.07817481887174 31.921825181128256
113 475.65699999999197 69.61907845358485 30.380921546415152
114 463.0200000000041 73.46868817762407 26.531311822375926
115 502.13300000000163 66.92122405816836 33.07877594183164
116 466.3179999999993 71.27716065001904 28.72283934998096
117 494.025999999998 66.64979778392264 33.35020221607736
118 482.9630000000034 69.79191159570713 30.208088404292866
119 463.9240000000136 71.5636505117458 28.436349488254194
120 460.92599999997765 71.9348919349256 28.065108065074398
121 491.74499999999534 68.23007859763833 31.769921402361675
122 457.9330000000191 74.52692861185393 25.473071388146067
123 487.81299999999464 69.70783476459864 30.292165235401356
124 484.5920000000042 69.34619845154664 30.65380154845336
125 485.9869999999937 69.28703854217923 30.712961457820768
126 472.51500000001397 70.81632117500986 29.18367882499014
127 449.93899999998393 74.72738526779511 25.272614732204886
128 529.4159999999974 63.171515405629734 36.828484594370266
129 466.13300000000163 71.46975219516145 28.530247804838552
130 468.5130000000063 71.80777907979682 28.192220920203184
131 515.5869999999995 65.20666153336617 34.79333846663383
132 466.26900000000023 71.1854680452989 28.814531954701096
133 489.87100000001374 69.24872466429218 30.751275335707817
134 474.31299999999464 70.33027557754919 29.669724422450813
135 478.0799999999872 70.43652317604328 29.56347682395672
136 489.3949999999895 68.17577417014834 31.824225829851656
137 470.8310000000056 70.47066569534289 29.529334304657112
138 487.945000000007 68.93230794455943 31.067692055440574
139 493.4439999999886 68.31740987827534 31.682590121724658
140 492.9750000000058 68.35755362856489 31.642446371435113
141 511.51700000002165 65.50811018983838 34.491889810161624
142 475.2069999999949 72.56223077521618 27.43776922478382
143 474.0449999999837 72.30469048297643 27.695309517023574
144 472.65300000002026 71.2785066422942 28.721493357705796
145 473.92399999999907 71.3593614166587 28.6406385833413
146 534.8150000000023 63.26945579313963 36.73054420686037
147 472.6499999999942 70.69556542896814 29.304434571031862
148 469.5089999999909 71.20115695337408 28.79884304662592
149 462.9910000000091 72.59181279982715 27.408187200172847
150 487.43599999998696 70.3190039307666 29.6809960692334
151 481.0020000000077 69.9621477665242 30.037852233475803
152 461.737999999983 73.83977710301882 26.160222896981182
153 485.58300000001327 69.34571638632045 30.654283613679553
154 509.18700000000536 67.39699953062473 32.603000469375274
155 479.99599999998463 70.40787839899939 29.592121601000613
156 523.6430000000109 64.02357140267398 35.97642859732602
157 511.5359999999928 64.86560281194694 35.13439718805306
158 462.97200000000885 72.80388878803808 27.19611121196192
159 477.7159999999858 70.82495248225753 29.17504751774247
160 495.29200000001583 68.19588242899263 31.804117571007367
161 497.75599999999395 68.4499433457319 31.550056654268104
162 466.66300000000047 72.34405770326731 27.65594229673269
163 501.25500000000466 66.2158302660232 33.784169733976796
164 479.23300000000745 69.25199850595641 30.748001494043592
165 493.9320000000007 67.47497023887433 32.525029761125666
166 467.2269999999844 72.05592356605513 27.944076433944872
167 572.4120000000112 58.00178018635512 41.99821981364488
168 484.377999999997 70.18364995930777 29.816350040692228
169 488.21199999999953 69.07410715016887 30.92589284983113
170 484.77900000000955 69.448726120574 30.551273879426006
171 464.26499999998487 72.71011383583163 27.289886164168365
172 487.51600000000326 69.1938582529015 30.806141747098494
173 478.4869999999937 69.78582490227242 30.214175097727576
174 488.76900000000023 69.32155476306649 30.678445236933513
175 471.627999999997 70.9246630819301 29.075336918069894
176 487.61800000001676 70.15982182774947 29.840178172250532
177 489.0699999999779 68.2484122927282 31.751587707271796
178 511.75700000001234 66.31269137503402 33.68730862496598
179 476.60800000000745 70.35063616229682 29.649363837703177
180 449.2140000000072 74.37428040974777 25.62571959025223
181 493.5 67.76298074973054 32.237019250269455
182 503.9859999999753 66.39994364922666 33.60005635077334
183 470.9429999999993 71.10880934634216 28.891190653657844
184 517.625 65.30104226033603 34.69895773966397
185 482.7710000000079 68.85707923636394 31.142920763636056
186 471.79099999999744 70.57462944398694 29.425370556013064
187 465.8530000000028 72.10860507497358 27.891394925026418
188 515.6110000000044 64.85625209705287 35.143747902947126
189 474.0570000000007 70.73862003934134 29.261379960658658
190 480.35899999999674 71.1840207012246 28.815979298775403
191 478.8289999999979 68.38555726574921 31.614442734250787
192 465.90499999999884 71.79749734384376 28.20250265615624
193 492.002999999997 69.05799151633452 30.942008483665475
194 469.13300000000163 70.85328254461209 29.146717455387915
195 496.03800000000047 68.55780807115869 31.44219192884131
196 474.86900000000605 71.32810101308979 28.671898986910207
197 479.9990000000107 69.35206740012222 30.647932599877777
198 480.0709999999963 70.23416327999182 29.76583672000818
199 486.3279999999795 68.9225563817158 31.077443618284207
200 485.204000000027 69.45660588126135 30.543394118738647
201 472.5319999999774 70.90288488396757 29.097115116032427
202 506.4220000000205 67.134095675127 32.865904324873
203 481.88300000000163 70.14102178328197 29.85897821671803
204 482.6789999999746 68.95228713076345 31.04771286923655
205 470.4400000000023 72.23716308135893 27.76283691864107
206 470.3179999999993 70.53815928796638 29.46184071203362
207 490.83300000001327 68.4754651785846 31.5245348214154
208 530.3949999999895 61.333996361224116 38.666003638775884
209 483.50900000002 68.70708714831191 31.292912851688087
210 464.57600000000093 72.12136442693645 27.878635573063548
211 519.9189999999944 64.54877394363986 35.45122605636014
212 462.1809999999823 72.6075282194874 27.392471780512594
213 501.6000000000058 67.16673046251228 32.83326953748772
214 473.3729999999923 71.77920371458853 28.220796285411467
215 511.43800000002375 65.16394167034903 34.83605832965097
216 464.14099999997416 71.45520003623689 28.54479996376311
217 484.45000000001164 70.20706368051975 29.792936319480248
218 491.695000000007 68.51479067308858 31.485209326911416
219 474.54999999998836 71.27498050786699 28.725019492133015
220 513.2149999999965 65.99513848974891 34.00486151025109
221 462.5679999999993 72.4116929834142 27.5883070165858
222 513.4230000000098 65.71815637398576 34.281843626014236
223 464.3310000000056 73.22446702887491 26.775532971125088
224 507.10899999999674 65.81998741888154 34.18001258111846
225 480.29099999999744 71.6149584314956 28.385041568504406
226 483.6820000000007 69.13068090189546 30.86931909810454
227 455.13300000000163 73.92303128977983 26.07696871022017
228 495.5009999999893 67.77115081505949 32.228849184940515
229 431.2609999999986 77.77778653765047 22.22221346234953
230 539.9800000000105 63.04204414980239 36.95795585019761
231 480.3150000000023 69.63522896436336 30.364771035636636
232 484.83300000001327 68.91820276258781 31.08179723741219
233 479.55799999999 69.91585168008727 30.084148319912728
234 476.36799999998766 70.48624382832013 29.513756171679873
235 471.5690000000177 71.19011851921796 28.80988148078204
236 496.97000000000116 68.06266173007639 31.937338269923615
237 466.23399999999674 71.49948523703313 28.500514762966873
238 490.8759999999893 68.98924983097008 31.01075016902992
239 470.22200000000885 70.90823908707274 29.091760912927256
240 503.61900000000605 67.60913508029903 32.390864919700974
241 480.58699999999953 69.66247318385483 30.33752681614517
242 495.3279999999795 68.73113371338593 31.26886628661407
243 470.7390000000014 72.13082621153225 27.869173788467748
244 503.05100000000675 68.32589339842876 31.67410660157124
245 475.7980000000098 70.5089743967001 29.491025603299903
246 493.50500000000466 68.47811065742613 31.52188934257387
247 466.2939999999944 72.72454931862386 27.275450681376142
248 492.3549999999814 68.29324166504718 31.706758334952823
249 480.2820000000065 70.95828700640449 29.04171299359551
250 503.49499999999534 66.60493351475095 33.395066485249046
251 477.8540000000212 70.1576674046854 29.842332595314602
252 501.8389999999781 67.02036111182748 32.979638888172516
253 449.2490000000107 73.86492568704047 26.13507431295953
254 501.497000000003 67.21162639059598 32.78837360940402
255 474.6039999999921 71.09929330564422 28.900706694355776
256 491.1820000000007 68.96735425967918 31.032645740320817
257 467.93600000001607 71.80784979141794 28.192150208582063
258 482.9449999999779 69.65044052634958 30.349559473650416
259 493.5580000000191 68.32014474489773 31.679855255102268
260 512.9130000000005 67.46181711129958 32.53818288870042
261 425.98299999997835 78.84057110261368 21.15942889738632
262 553.1180000000168 61.22291445945478 38.77708554054522
263 474.554999999993 69.55853799882254 30.441462001177456
264 493.3379999999888 70.39495234510522 29.605047654894776
265 477.73200000001816 69.92485954467742 30.075140455322583
266 464.61699999999837 73.09260530719862 26.907394692801375
267 494.929999999993 68.27009880183272 31.729901198167283
268 467.4320000000007 72.07712993547581 27.92287006452419
269 493.63300000000163 68.24622543464335 31.75377456535665
270 501.3869999999879 68.80587450411247 31.194125495887533
271 460.6730000000098 72.59041662957635 27.409583370423647
272 476.0370000000112 70.84407724616085 29.15592275383915
273 504.23399999999674 67.39421578073413 32.60578421926587
274 469.3179999999993 70.91572238869604 29.08427761130396
275 478.3280000000086 70.02836338239429 29.97163661760571
276 485.0369999999821 68.3839975095251 31.616002490474898
277 481.65499999999884 70.71874059234466 29.28125940765534
278 488.2609999999986 69.15593094677291 30.844069053227088
279 494.50900000002 68.0989971870761 31.901002812923906
280 491.8859999999986 69.33301212066809 30.666987879331913
281 463.179999999993 72.59450537584158 27.405494624158422
282 497.1900000000023 68.01398459341235 31.986015406587654
283 490.8500000000058 68.61853315675923 31.381466843240773
284 493.33699999999953 68.22477738342398 31.775222616576016
285 474.2149999999965 71.56331832609757 28.436681673902427
286 490.4759999999951 68.03053972065233 31.969460279347672
287 475.8729999999923 71.06299579931148 28.93700420068852
288 509.31400000001304 65.26114538380378 34.73885461619622
289 485.5769999999902 70.0209523927534 29.9790476072466
290 511.997000000003 65.44624284910638 34.55375715089362
291 471.4310000000114 71.25229991235823 28.747700087641775
292 479.9979999999923 70.57709823796282 29.422901762037185
293 492.47000000000116 68.36293175217513 31.63706824782487
294 477.2060000000056 71.24416080269195 28.75583919730805
295 542.6539999999804 61.58188090382313 38.41811909617687
296 459.4520000000193 72.39641573005203 27.603584269947973
297 502.2129999999888 67.75032705246187 32.24967294753813
298 504.5450000000128 67.48505286943484 32.51494713056516
299 487.61699999999837 69.3967047908141 30.6032952091859
300 490.3769999999786 69.20892700922934 30.791072990770658
301 485.0210000000079 69.72367794383393 30.276322056166066
302 469.9409999999916 71.65082212448752 28.34917787551248
303 490.21000000002095 68.91072397541939 31.089276024580613
304 473.95999999999185 71.37642839059586 28.623571609404138
305 491.65299999999115 68.38729144344036 31.61270855655964
306 491.9189999999944 68.69521404948365 31.304785950516347
307 467.20000000001164 72.8066031678194 27.193396832180596
308 490.92600000000675 69.27989758126387 30.720102418736133
309 498.38300000000163 68.6146317189708 31.3853682810292
310 481.82300000000396 69.17109602484827 30.828903975151732
311 498.8769999999786 67.08648624812939 32.91351375187061
312 503.8990000000049 66.95693978359596 33.043060216404044
313 480.14000000001397 69.96414379139446 30.035856208605537
314 479.4749999999767 69.87611867140919 30.123881328590812
315 538.0920000000042 63.64931275694271 36.35068724305729
316 488.3310000000056 69.51902705336917 30.48097294663083
317 464.7870000000112 71.21323530993922 28.786764690060778
318 485.6359999999986 70.54963388225153 29.450366117748473
319 473.5779999999795 70.35922699116416 29.640773008835836
320 523.4620000000286 65.63338695072505 34.366613049274946
321 474.1039999999921 71.03010731824403 28.969892681755965
322 474.3269999999902 70.92257029437191 29.07742970562809
323 512.179999999993 65.64409192079277 34.355908079207225
324 461.0789999999979 72.40233669280745 27.597663307192548
325 496.64200000002165 68.76135928899488 31.238640711005118
326 473.93299999999 70.71593242088439 29.284067579115614
327 504.50800000000163 69.74370872219137 30.25629127780863
328 465.2729999999865 71.62044434137125 28.379555658628746
329 462.00600000002305 72.99115379449765 27.00884620550235
330 529.0629999999946 65.4513696856563 34.5486303143437
331 454.3999999999942 72.63829665495741 27.361703345042585
332 500.1939999999886 67.44186655572597 32.558133444274034
333 486.5230000000156 69.787765429423 30.212234570576996
334 550.0590000000084 60.946578457928226 39.053421542071774
335 510.55299999998533 67.8269151293042 32.1730848706958
336 486.50500000000466 69.01139967723826 30.98860032276174
337 473.5329999999958 71.12968473158023 28.870315268419773
338 473.4800000000105 71.00604460585265 28.99395539414735
339 513.7390000000014 65.32399915129106 34.67600084870894
340 521.7280000000028 66.1816118744262 33.818388125573804
341 486.28899999998976 69.27082660724473 30.72917339275527
342 526.5499999999884 64.13115943403423 35.86884056596577
343 489.39100000000326 70.12187392087024 29.878126079129757
344 488.752999999997 69.45131180779221 30.54868819220779
345 470.3770000000077 71.64451067974066 28.355489320259338
346 521.7449999999953 65.31850808347713 34.68149191652287
347 460.85899999999674 72.62042403426952 27.37957596573048
348 514.7320000000182 66.05599224453573 33.94400775546427
349 487.35899999999674 67.46135805434434 32.538641945655655
350 522.7799999999988 65.65629136540164 34.34370863459836
351 483.32499999998254 70.21782444521145 29.78217555478855
352 498.70000000001164 67.37069380384159 32.62930619615841
353 478.06700000001 70.75723277280416 29.24276722719584
354 515.0179999999818 65.89082905838428 34.109170941615716
355 506.0 69.77631818182326 30.223681818176743
356 501.44700000001467 69.6158955981009 30.384104401899094
357 475.7600000000093 72.00080712969735 27.99919287030265
358 496.2239999999874 68.40660870902097 31.593391290979028
359 492.7179999999935 69.0667765334463 30.9332234665537
360 493.10700000001816 69.48664691439457 30.51335308560543
361 502.9189999999944 67.28960130755355 32.71039869244645
362 473.8379999999888 70.6294028761019 29.370597123898094
363 486.7699999999895 68.12161595827084 31.878384041729163
364 496.17800000001444 67.67590259948442 32.32409740051558
365 506.26800000001094 68.72849557942166 31.27150442057834
366 471.54899999999907 71.61866529248255 28.381334707517453
367 488.2609999999986 69.54268106607398 30.457318933926018
368 516.0309999999881 64.6411862853004 35.35881371469959
369 507.4539999999979 66.15115458739224 33.84884541260776
370 496.95800000001327 68.83986574312134 31.160134256878663
371 471.36699999999837 70.97437877490707 29.025621225092934
372 473.58299999998417 71.0066239708666 28.9933760291334
373 494.4070000000065 69.10655593471944 30.893444065280562
374 477.83400000000256 70.29750080574895 29.702499194251047
375 473.76900000000023 70.95440605026823 29.045593949731767
376 472.445000000007 71.07439807811879 28.92560192188121
377 486.11699999999837 69.11862987713901 30.881370122860986
378 505.9400000000023 71.35489583740262 28.645104162597377
379 478.30799999999 73.93820090814776 26.061799091852237
380 541.6460000000079 63.81893339927219 36.18106660072781
381 526.2019999999902 62.23220930364756 37.76779069635244
382 510.0940000000119 66.94700584594541 33.05299415405459
383 461.4089999999851 73.06176515845718 26.938234841542823
384 511.23099999999977 66.51501180485036 33.48498819514964
385 500.3399999999965 67.73232401966183 32.26767598033817
386 460.8610000000044 72.55256574107094 27.447434258929064
387 486.6680000000051 69.55998339732935 30.440016602670653
388 486.08699999999953 68.49483940115914 31.50516059884086
389 486.13199999998324 69.53161281281453 30.46838718718547
390 536.8890000000247 63.61320123886981 36.38679876113019
391 524.5590000000084 64.93605295118746 35.06394704881254
392 480.4549999999581 70.09796130755363 29.902038692446368
393 497.90600000001723 68.11139452018321 31.88860547981679
394 485.3379999999888 68.72066065296448 31.279339347035517
395 502.15400000003865 68.44236429458299 31.557635705417013
396 484.20999999996275 69.5230065467889 30.476993453211094
397 480.3040000000037 71.44442061688866 28.555579383111336
398 503.89199999999255 67.1406591094348 32.85934089056521
399 474.9580000000424 71.76073673873884 28.239263261261158
400 490.10800000000745 70.37378496160375 29.626215038396253
401 517.234999999986 64.72134909663832 35.27865090336168
402 494.85800000000745 68.13971078571618 31.860289214283824
403 473.6680000000051 69.9839803406671 30.016019659332898
404 497.4749999999767 68.62442333780649 31.37557666219351
405 484.7280000000028 69.56192957701084 30.438070422989156
406 485.804999999993 69.29881125144958 30.701188748550422
407 496.1219999999739 68.25924268622462 31.740757313775376
408 474.1930000000284 71.14898153294244 28.851018467057557
409 478.1940000000177 71.152707896762 28.847292103238004
410 528.5750000000116 63.481150262397065 36.518849737602935
411 475.2129999999888 71.20282483850195 28.797175161498046
412 486.18599999998696 69.26895467988547 30.731045320114532
413 504.8719999999739 67.41407921214426 32.58592078785574
414 471.7480000000214 70.18032932832354 29.819670671676462
415 481.78100000001723 69.28238556533036 30.717614434669642
416 468.2939999999944 71.64230163112842 28.35769836887158
417 467.6790000000037 70.46322370686414 29.53677629313586
418 515.734999999986 66.53191076817623 33.46808923182377
419 500.3499999999767 68.34161686814484 31.65838313185516
420 476.5580000000191 70.45799881653826 29.542001183461736
421 475.25599999999395 71.87160814370472 28.12839185629528
422 536.9590000000317 64.67972787487585 35.32027212512415
423 465.98399999999674 72.31884785747836 27.68115214252164
424 511.6719999999623 69.70561023461272 30.29438976538728
425 499.954000000027 69.70923324950087 30.29076675049913
426 498.66399999998976 67.41858245240648 32.58141754759352
427 483.57199999998556 69.05426286055663 30.945737139443366
428 485.6270000000368 69.7118549833734 30.2881450166266
429 497.4339999999502 69.41327693712047 30.58672306287953
430 545.4530000000377 63.98427912206092 36.01572087793908
431 483.3209999999963 70.01349620644433 29.98650379355567
432 486.2729999999865 68.65452122560166 31.345478774398345
433 478.4799999999814 68.9037013040663 31.096298695933697
434 539.1140000000014 65.46327121904152 34.536728780958484
435 504.1050000000396 69.8875789766128 30.1124210233872
436 520.2969999999623 67.61352842702408 32.38647157297592
437 485.6380000000354 70.30224982392629 29.69775017607371
438 469.5430000000051 72.19699580235276 27.80300419764724
439 476.179999999993 70.70634633966841 29.293653660331586
440 505.08299999998417 67.08798157930612 32.91201842069388
441 489.6589999999851 68.01378306135751 31.986216938642485
442 483.9120000000112 69.07571831240978 30.924281687590224
443 510.15500000002794 66.7902010172655 33.2097989827345
444 504.60599999997066 67.16033499404541 32.839665005954586
445 477.1820000000298 70.33746243580181 29.66253756419819
446 510.37799999996787 65.72871087703453 34.27128912296547
447 513.2800000000279 65.43915796465626 34.56084203534374
448 459.99099999998 71.86527997278725 28.13472002721275
449 534.3340000000317 64.23990612614084 35.76009387385916
450 489.46999999997206 69.77989253678733 30.22010746321267
451 462.24300000001676 73.60965336416979 26.390346635830213
452 484.9290000000037 69.13433512946808 30.865664870531916
453 512.789999999979 65.33148852358987 34.66851147641013
454 500.49300000001676 66.88316320097682 33.116836799023176
455 483.2049999999581 69.17052803686408 30.829471963135916
456 487.57400000002235 67.63066734485858 32.36933265514142
457 488.31099999998696 67.93909004703858 32.060909952961424
458 495.16600000002654 68.02602157648859 31.97397842351141
459 495.125 70.42906740720673 29.57093259279327
460 543.8889999999665 63.15269475933185 36.84730524066815
461 487.8770000000368 70.20400838722837 29.79599161277163
462 486.50699999998324 73.99193845106457 26.00806154893543
463 493.13199999998324 71.74764768871425 28.252352311285748
464 489.3530000000028 70.41093852495624 29.589061475043763
465 449.3850000000093 74.5300532949588 25.469946705041195
466 515.7600000000093 66.56200752286895 33.43799247713105
467 518.1739999999991 65.89007360462669 34.10992639537331
468 501.26699999999255 66.49966584672838 33.50033415327162
469 530.8429999999935 63.987695043459446 36.012304956540554
470 522.7119999999995 65.45118726954816 34.54881273045184
471 463.8410000000149 71.15518895488752 28.84481104511248
472 527.1240000000107 64.85059682345249 35.14940317654751
473 478.45000000001164 70.66958093837178 29.33041906162822
474 467.50500000000466 71.43052373765138 28.569476262348616
475 497.6669999999576 68.06527256176747 31.934727438232528
476 468.2950000000419 71.68005637476448 28.319943625235524
477 500.4419999999809 67.67316092570539 32.32683907429461
478 481.26899999997113 69.96983391825263 30.030166081747367
479 485.93700000003446 69.44524290172636 30.55475709827364
480 499.820000000007 65.62679564647851 34.37320435352149
481 472.56399999995483 71.99181698139567 28.008183018604328
482 497.57500000001164 68.44192131835108 31.558078681648922
483 476.4210000000312 71.70820345876567 28.291796541234334
484 509.2749999999651 67.7505728730896 32.249427126910405
485 457.98300000000745 72.27726138319872 27.72273861680128
486 495.8649999999907 68.61862603728154 31.381373962718456
487 511.0210000000079 67.8847425055974 32.1152574944026
488 519.3830000000307 64.79957372501347 35.200426274986526
489 511.11999999999534 66.71256652055128 33.28743347944872
490 501.1149999999907 71.26166448806681 28.738335511933187
491 500.51500000001397 68.80129067063521 31.19870932936479
492 475.82399999996414 70.08756388912491 29.912436110875092
493 519.1739999999991 65.72156540965386 34.27843459034614
494 491.7939999999944 69.85437805258879 30.145621947411215
495 481.3660000000382 70.12014558564111 29.87985441435889
496 502.0929999999935 66.81720119582761 33.18279880417239
497 470.3489999999874 73.17837180471716 26.82162819528284
498 524.7619999999879 69.32114368030587 30.678856319694134
499 484.8500000000349 69.12364030101904 30.876359698980963
500 468.3769999999786 73.25870399272965 26.74129600727035
501 571.8059999999823 59.84972525651757 40.15027474348243
502 504.6849999999977 67.4392205037169 32.560779496283104
503 482.3650000000489 71.68583956129461 28.314160438705386
504 524.4009999999544 66.3271084533649 33.6728915466351
505 466.8730000000214 72.12040533499965 27.879594665000354
506 534.9880000000121 63.450004486101385 36.549995513898615
mean: 488.350 std: 22.273
DurationTime(%): 69.129 std: 2.838
IdleTime(%): 30.871 std: 2.838 
