TotalIterationTime(ms) 79.164
TheRatioOfDurationTime(%) 5.513
TheRatioOfIdleTime(%) 94.487
23 kernel_calc_cell_counts 0.000000 0.003650 -1.000000
23 calc_neigh_list_cell 0.005000 0.649760 -1.000000
23 [CUDA_memcpy_DtoH] 0.668000 0.014850 10.969650
23 k_lj_fast 5.365000 0.173060 -1.000000
23 [CUDA_memcpy_DtoH] 5.556000 0.107940 12.072510
23 [CUDA_memcpy_HtoD] 14.601000 0.099300 10.119280
23 k_lj_fast 15.019000 0.171430 -1.000000
23 [CUDA_memcpy_DtoH] 15.200000 0.117700 11.071330
23 [CUDA_memcpy_HtoD] 24.343000 0.193060 5.204720
23 k_lj_fast 24.596000 0.171880 -1.000000
23 [CUDA_memcpy_DtoH] 24.803000 0.137540 9.474240
23 [CUDA_memcpy_HtoD] 33.370000 0.150600 6.672320
23 k_lj_fast 34.010000 0.172140 -1.000000
23 [CUDA_memcpy_DtoH] 34.193000 0.157380 8.279840
23 [CUDA_memcpy_HtoD] 43.407000 0.096770 10.383530
23 k_lj_fast 43.777000 0.171270 -1.000000
23 [CUDA_memcpy_DtoH] 43.960000 0.152710 8.533150
23 [CUDA_memcpy_HtoD] 51.096000 0.155080 6.479610
23 k_lj_fast 51.311000 0.172070 -1.000000
23 [CUDA_memcpy_DtoH] 51.526000 0.135970 9.583500
23 [CUDA_memcpy_HtoD] 61.683000 0.134370 7.477970
23 k_lj_fast 62.388000 0.172740 -1.000000
23 [CUDA_memcpy_DtoH] 62.572000 0.148650 8.766510
23 [CUDA_memcpy_HtoD] 69.766000 0.091110 11.029160
23 k_lj_fast 70.587000 0.171880 -1.000000
23 [CUDA_memcpy_DtoH] 70.770000 0.137960 9.445680
23 [CUDA_memcpy_HtoD] 78.038000 0.121480 8.271400
23 calc_cell_id 78.815000 0.005890 -1.000000
16 radixSortBlocks 78.825000 0.008800 -1.000000
16 findRadixOffsets 78.838000 0.002910 -1.000000
16 scan4 78.845000 0.003740 -1.000000
16 scan4 78.851000 0.003580 -1.000000
16 vectorAddUniform4 78.858000 0.002940 -1.000000
16 reorderData 78.865000 0.003740 -1.000000
16 radixSortBlocks 78.871000 0.008190 -1.000000
16 findRadixOffsets 78.882000 0.002750 -1.000000
16 scan4 78.888000 0.002690 -1.000000
16 scan4 78.895000 0.002530 -1.000000
16 vectorAddUniform4 78.901000 0.002820 -1.000000
16 reorderData 78.908000 0.003680 -1.000000
16 radixSortBlocks 78.915000 0.007970 -1.000000
16 findRadixOffsets 78.925000 0.002720 -1.000000
16 scan4 78.931000 0.002780 -1.000000
16 scan4 78.938000 0.002530 -1.000000
16 vectorAddUniform4 78.945000 0.002850 -1.000000
16 reorderData 78.952000 0.003620 -1.000000
16 radixSortBlocks 78.958000 0.007300 -1.000000
16 findRadixOffsets 78.968000 0.002850 -1.000000
16 scan4 78.975000 0.002660 -1.000000
16 scan4 78.982000 0.002560 -1.000000
16 vectorAddUniform4 78.988000 0.002820 -1.000000
16 reorderData 79.007000 0.002880 -1.000000
16 radixSortBlocks 79.013000 0.007230 -1.000000
16 findRadixOffsets 79.023000 0.002720 -1.000000
16 scan4 79.030000 0.002690 -1.000000
16 scan4 79.036000 0.002460 -1.000000
16 vectorAddUniform4 79.043000 0.002850 -1.000000
16 reorderData 79.048000 0.003040 -1.000000
16 radixSortBlocks 79.054000 0.007330 -1.000000
16 findRadixOffsets 79.064000 0.002720 -1.000000
16 scan4 79.069000 0.002820 -1.000000
16 scan4 79.074000 0.002530 -1.000000
16 vectorAddUniform4 79.079000 0.002880 -1.000000
16 reorderData 79.084000 0.002910 -1.000000
16 radixSortBlocks 79.089000 0.007300 -1.000000
16 findRadixOffsets 79.100000 0.002660 -1.000000
16 scan4 79.104000 0.002690 -1.000000
16 scan4 79.109000 0.002560 -1.000000
16 vectorAddUniform4 79.113000 0.002850 -1.000000
16 reorderData 79.120000 0.003040 -1.000000
16 radixSortBlocks 79.126000 0.007390 -1.000000
16 findRadixOffsets 79.136000 0.002720 -1.000000
16 scan4 79.142000 0.002690 -1.000000
16 scan4 79.148000 0.002530 -1.000000
16 vectorAddUniform4 79.153000 0.002850 -1.000000
16 reorderData 79.159000 0.002910 -1.000000
