11 306.72499999999854 57.37347787105783 42.62652212894217
12 278.4559999999983 45.88848866606899 54.11151133393101
13 219.95900000000256 36.68282725416838 63.31717274583162
14 270.53399999999965 61.992067540496784 38.007932459503216
15 297.39800000000105 45.52670831679803 54.47329168320197
16 254.7719999999972 47.33838883394243 52.66161116605757
17 232.69600000000355 36.4038273111704 63.5961726888296
18 315.55599999999686 56.46824018558332 43.53175981441668
19 231.01699999999983 32.87848946181009 67.12151053818991
20 294.8770000000004 56.96708797228217 43.03291202771783
21 239.8640000000014 34.27349664809879 65.72650335190121
22 266.23799999999756 48.57186802786127 51.42813197213873
23 296.2360000000044 43.16971266152473 56.83028733847527
24 298.4259999999995 57.742053306340935 42.257946693659065
25 273.9470000000001 46.5033163349092 53.4966836650908
26 251.24899999999616 51.13314679859167 48.86685320140833
27 242.72499999999854 49.15872695437031 50.84127304562969
28 293.6110000000044 45.90335852539377 54.09664147460623
29 256.2459999999992 49.638999242916086 50.361000757083914
30 255.61499999999796 50.37576824521264 49.62423175478736
31 240.44200000000274 33.89300538175451 66.1069946182455
32 242.9340000000011 50.86942544065736 49.13057455934264
33 300.4479999999967 57.33971269571071 42.66028730428929
34 255.42700000000332 49.75974740336247 50.24025259663753
35 258.91599999999744 49.69495125832557 50.30504874167443
36 217.08899999999994 55.350994292664346 44.649005707335654
37 280.6990000000005 48.07468498285205 51.92531501714795
38 262.8680000000022 48.71432429964794 51.28567570035206
39 254.84999999999854 49.901954090637915 50.098045909362085
40 252.73099999999977 49.75981577250027 50.24018422749973
41 250.61000000000058 51.447715573992234 48.552284426007766
42 230.55299999999988 52.47167896318605 47.52832103681395
43 278.9099999999962 30.095898318447272 69.90410168155273
44 323.5540000000037 53.891115547946065 46.108884452053935
45 270.6339999999982 47.142288108666804 52.857711891333196
46 261.14400000000023 48.7729834880366 51.2270165119634
47 252.262999999999 50.31863174544215 49.68136825455785
48 267.4320000000007 47.66689102276337 52.33310897723663
49 255.56199999999808 50.382666437106636 49.617333562893364
50 249.56300000000192 51.53078781710382 48.46921218289618
51 282.85199999999895 44.48163703986524 55.51836296013476
52 230.25400000000081 34.52340893100932 65.47659106899067
53 313.9279999999999 55.326288193473275 44.673711806526725
54 256.61099999999715 50.205178265938514 49.794821734061486
55 256.9380000000019 50.225867719057305 49.774132280942695
56 232.90099999999802 54.826947930668055 45.173052069331945
57 283.43700000000536 46.2876335834754 53.7123664165246
58 258.2719999999972 49.522286581590805 50.477713418409195
59 236.1600000000035 36.29672256097639 63.70327743902361
60 311.8439999999973 51.56349007837407 48.43650992162593
61 274.0789999999979 45.37967520313819 54.62032479686181
62 228.29899999999907 34.881607015358576 65.11839298464142
63 319.0590000000011 54.51393942813284 45.48606057186716
64 251.59300000000076 50.577118600282475 49.422881399717525
65 224.90899999999965 54.22343258828819 45.77656741171181
66 309.61699999999837 39.96237286712693 60.03762713287307
67 272.12100000000646 47.16298631858653 52.83701368141347
68 261.4689999999973 49.21269825485465 50.78730174514535
69 275.2829999999958 48.44515280638985 51.55484719361015
70 255.14100000000326 50.55788759940424 49.44211240059576
71 263.8689999999988 48.54199621782644 51.45800378217356
72 256.00100000000384 49.81413744477609 50.18586255522391
73 263.9229999999952 48.25992050711919 51.74007949288081
74 214.46199999999953 39.51341030112931 60.48658969887069
75 283.0330000000031 57.339349121840314 42.660650878159686
76 254.33899999999994 49.84826157215323 50.15173842784677
77 265.99899999999616 47.74973590126254 52.25026409873746
78 261.93300000000454 48.458346218305806 51.541653781694194
79 251.67199999999866 50.85019787660093 49.14980212339907
80 254.625 50.030810014724736 49.969189985275264
81 269.27100000000064 46.98039521523102 53.01960478476898
82 208.8969999999972 38.85971076655519 61.14028923344481
83 307.9340000000011 56.07443478148046 43.92556521851954
84 234.02500000000146 34.04244418331356 65.95755581668644
85 312.53199999999924 55.489450680251004 44.510549319748996
86 272.3029999999999 46.404975339969425 53.595024660030575
87 231.25 38.90305729729335 61.09694270270665
88 306.38300000000163 55.125989366250124 44.874010633749876
89 260.52900000000227 49.4195425461277 50.5804574538723
90 285.4019999999946 44.365305779220634 55.634694220779366
91 263.0400000000009 48.94210006082348 51.05789993917652
92 281.41300000000047 45.27208764342247 54.72791235657753
93 280.9559999999983 45.90289226782223 54.09710773217777
94 230.23099999999977 35.01267857064933 64.98732142935067
95 317.43700000000536 54.556280458795406 45.443719541204594
96 246.11999999999534 32.06788964733439 67.9321103526656
97 299.1160000000018 55.249735888423636 44.750264111576364
98 251.84500000000116 50.99637475431614 49.00362524568386
99 258.8130000000019 48.61160760859009 51.38839239140991
100 243.99899999999616 35.12608658232475 64.87391341767525
101 297.94200000000274 54.03537265642059 45.96462734357941
102 255.11299999999756 49.89808045846859 50.10191954153141
103 248.7739999999976 34.196101682651836 65.80389831734817
104 309.1050000000032 54.430785655364545 45.569214344635455
105 255.84599999999773 50.33822299351387 49.66177700648613
106 255.2780000000057 50.547191689060725 49.452808310939275
107 234.09199999999691 54.043628146202686 45.956371853797314
108 268.86099999999715 29.366297082878067 70.63370291712194
109 288.9560000000056 55.448293165737475 44.551706834262525
110 253.60899999999674 50.618475685007034 49.381524314992966
111 267.4679999999935 49.07710828957731 50.92289171042269
112 262.2760000000126 48.84330247526233 51.15669752473767
113 268.3429999999935 48.78885978019001 51.21114021980999
114 281.6499999999942 44.93463518552524 55.06536481447476
115 255.9890000000014 48.69426811307749 51.30573188692251
116 306.0780000000086 42.54765125229891 57.45234874770109
117 269.34999999999127 47.57545201410939 52.42454798589061
118 245.53600000000733 34.01455591033692 65.98544408966308
119 284.247000000003 43.435631686521006 56.564368313478994
120 301.90699999999197 57.79800402109211 42.20199597890789
121 262.2060000000056 49.06370944982344 50.93629055017656
122 235.96399999999267 35.897950534829334 64.10204946517067
123 285.8530000000028 57.313878112164815 42.686121887835185
124 252.80500000000757 50.610684124125825 49.389315875874175
125 215.70799999999872 39.88903054129136 60.11096945870864
126 300.4499999999971 56.491309702108 43.508690297892
127 257.75500000000466 49.30067311982799 50.69932688017201
128 248.3579999999929 51.36834730510426 48.63165269489574
129 272.9569999999949 47.00792798865842 52.99207201134158
130 266.5740000000078 47.810390360641186 52.189609639358814
131 263.3029999999999 48.64846583593966 51.35153416406034
132 276.6100000000006 46.16891652507373 53.83108347492627
133 202.00599999999395 39.21290456721081 60.78709543278919
134 283.4270000000106 57.52520049254342 42.47479950745658
135 260.67699999999604 50.536146265300395 49.463853734699605
136 292.4789999999921 43.4232919286474 56.5767080713526
137 265.01900000000023 48.55914104272431 51.44085895727569
138 234.9560000000056 33.90998740189009 66.09001259810991
139 288.8350000000064 56.66048435956308 43.33951564043692
140 232.88799999999173 33.32031276838172 66.67968723161829
141 327.6469999999972 54.562898485263375 45.437101514736625
142 251.34900000000198 51.075230058601164 48.924769941398836
143 250.02599999999802 50.673829921690526 49.326170078309474
144 263.40400000000955 48.49212996005593 51.50787003994407
145 262.3829999999871 49.045353548065926 50.954646451934074
146 272.80500000000757 46.95306171076154 53.04693828923846
147 238.13000000000466 50.89080754209794 49.10919245790206
148 290.1189999999915 46.338247408825616 53.661752591174384
149 250.0810000000056 50.59498722413151 49.40501277586849
150 254.63000000000466 50.02457683697037 49.97542316302963
151 279.11299999999756 45.38566458746639 54.61433541253361
152 249.37900000000081 51.03586909884732 48.96413090115268
153 255.51900000000023 50.63227392092332 49.36772607907668
154 259.91999999999825 49.50433594952248 50.49566405047752
155 260.9389999999985 49.12521317242581 50.87478682757419
156 284.8640000000014 44.052217900467355 55.947782099532645
157 252.02499999999418 51.47891677413456 48.52108322586544
158 224.40000000000873 40.0190062388673 59.9809937611327
159 292.91799999999057 58.31805146833424 41.68194853166576
160 246.88900000001013 51.79376966976738 48.20623033023262
161 259.3689999999915 48.276555795035584 51.723444204964416
162 251.63499999999476 51.21574105350467 48.78425894649533
163 266.9640000000072 47.82490897647913 52.17509102352087
164 283.30599999999686 45.08702604251425 54.91297395748575
165 249.22600000000966 49.88879571151929 50.11120428848071
166 289.5 45.100231433504256 54.899768566495744
167 264.8729999999923 49.90569442713838 50.09430557286162
168 259.70900000000256 49.10623813575435 50.89376186424565
169 243.50899999999092 50.57455781922445 49.42544218077555
170 260.1670000000013 46.96959645150641 53.03040354849359
171 261.3570000000036 48.51987511335521 51.48012488664479
172 275.5100000000093 45.8187071249559 54.1812928750441
173 259.0119999999879 48.94284048615887 51.05715951384113
174 257.1960000000108 49.68518950526188 50.31481049473812
175 257.02999999999884 49.91601758548518 50.08398241451482
176 290.6399999999994 43.487981695561814 56.512018304438186
177 251.19199999999546 51.29418930538455 48.70581069461545
178 239.9759999999951 33.64277261059031 66.35722738940969
179 292.97299999999814 55.96156642421419 44.03843357578581
180 277.8420000000042 45.60376041058358 54.39623958941642
181 271.8920000000071 46.87954408367611 53.12045591632389
182 208.9719999999943 37.765380050919795 62.234619949080205
183 321.4119999999966 55.21319988053139 44.78680011946861
184 221.0810000000056 52.93401513473152 47.06598486526848
185 294.9210000000021 46.214854147378745 53.785145852621255
186 263.4820000000036 48.20268557245471 51.79731442754529
187 251.33199999999488 50.91918657394514 49.08081342605486
188 271.95100000000093 46.58192100782718 53.41807899217282
189 271.63499999999476 46.51831317761525 53.48168682238475
190 253.04000000000815 51.14764859310517 48.85235140689483
191 208.78199999999197 40.17144677224639 59.82855322775361
192 263.98099999999977 43.378970456207384 56.621029543792616
193 273.87399999999616 42.83456991171796 57.16543008828204
194 298.2780000000057 57.36289300584969 42.63710699415031
195 209.91100000000733 37.88626608418812 62.11373391581188
196 312.5679999999993 55.85942258963743 44.14057741036257
197 236.30799999999 32.58843543172948 67.41156456827052
198 272.62600000000384 41.982430142387294 58.017569857612706
199 304.4750000000058 54.66837671401375 45.33162328598625
200 261.9409999999916 49.214701020460126 50.785298979539874
201 279.97200000000885 45.52482748274318 54.47517251725682
202 256.69199999999546 49.91051532575131 50.08948467424869
203 250.3420000000042 51.0455377044169 48.9544622955831
204 235.6710000000021 35.77005231869661 64.2299476813034
205 293.61999999999534 56.84509910768662 43.15490089231338
206 277.34799999999814 45.856296061269866 54.143703938730134
207 263.025999999998 48.36708158129407 51.63291841870593
208 232.77100000000792 34.92643843090369 65.07356156909631
209 305.6259999999893 57.068629632290666 42.931370367709334
210 250.70700000000943 51.881921924803756 48.118078075196244
211 270.6979999999894 46.69509564163186 53.30490435836814
212 254.79300000000512 50.635111639644606 49.364888360355394
213 281.11900000000605 44.99320572426554 55.00679427573446
214 254.36699999999837 50.793884426830246 49.206115573169754
215 253.1119999999937 50.86462909701335 49.13537090298665
216 246.5570000000007 34.428213354312874 65.57178664568713
217 292.3990000000049 57.74059760806265 42.25940239193735
218 259.71199999999953 49.32601497042206 50.67398502957794
219 270.77999999999884 47.35900731221223 52.64099268778777
220 201.58499999999185 38.05076270555129 61.94923729444871
221 312.6620000000112 56.05549443168167 43.94450556831833
222 236.1359999999986 35.85406291290249 64.14593708709751
223 299.76200000000244 57.527181564036745 42.472818435963255
224 258.32799999999406 49.0345374872257 50.9654625127743
225 281.8990000000049 45.576944224721935 54.423055775278065
226 253.12099999999919 51.44969797052718 48.55030202947282
227 255.8359999999957 50.40224987882307 49.59775012117693
228 242.3070000000007 32.9304064678349 67.0695935321651
229 306.92600000000675 57.22865772204876 42.77134227795124
230 234.56999999999243 34.277409728445804 65.7225902715542
231 317.3999999999942 53.041981726522906 46.958018273477094
232 237.6030000000028 33.26515237600227 66.73484762399772
233 268.1460000000079 46.72095798556883 53.27904201443117
234 294.26299999999173 43.65876443861156 56.34123556138844
235 302.5500000000029 56.198277970589906 43.801722029410094
236 273.6790000000037 46.68376821019552 53.31623178980448
237 250.70900000000256 51.9620276894707 48.0379723105293
238 260.8649999999907 49.42474459969095 50.57525540030905
239 276.5350000000035 45.59831124449611 54.40168875550389
240 261.5179999999964 49.200445093655674 50.799554906344326
241 256.36299999999756 49.93567714530225 50.06432285469775
242 251.59400000001187 51.297670055732944 48.702329944267056
243 255.6119999999937 49.737211085558556 50.262788914441444
244 250.02599999999802 51.50968299296726 48.49031700703274
245 272.47299999999814 46.62163590519638 53.37836409480362
246 265.70000000001164 48.58126834776337 51.41873165223663
247 232.4479999999894 53.424525055060066 46.575474944939934
248 249.84700000000885 33.20290417735245 66.79709582264755
249 303.929999999993 54.37437567860089 45.62562432139911
250 257.43300000000454 49.519851767244646 50.480148232755354
251 261.26200000000244 49.42431735193063 50.57568264806937
252 259.81699999999546 49.63609386606739 50.36390613393261
253 265.7939999999944 48.355756713834026 51.644243286165974
254 263.8440000000119 48.43512075317127 51.56487924682873
255 255.80299999999988 50.325082192154866 49.674917807845134
256 251.39999999999418 50.83890612571111 49.16109387428889
257 233.72299999999814 34.629681289395656 65.37031871060435
258 314.6399999999994 55.66996567505682 44.33003432494318
259 243.2609999999986 31.978714220529415 68.02128577947059
260 299.94200000001 59.21169426089248 40.78830573910752
261 267.833999999988 47.51774606659715 52.48225393340285
262 250.58699999999953 51.2018620279577 48.7981379720423
263 232.721000000005 52.009427597841785 47.990572402158215
264 240.07600000000093 32.773192655656096 67.22680734434391
265 271.224000000002 44.74036220983358 55.25963779016642
266 311.63499999999476 57.368001026838314 42.631998973161686
267 249.19000000000233 51.307524378980496 48.692475621019504
268 257.37699999999313 49.95409457721637 50.04590542278363
269 283.81400000001304 44.26407083512356 55.73592916487644
270 258.8189999999886 49.42669201257186 50.57330798742814
271 266.89400000000023 47.70725456547821 52.29274543452179
272 268.51800000001094 48.08815796332386 51.91184203667614
273 255.7939999999944 49.905646731365565 50.094353268634435
274 265.25199999999313 48.80216925791119 51.19783074208881
275 268.3630000000121 48.031315792404094 51.968684207595906
276 212.7399999999907 40.15038544702691 59.84961455297309
277 326.8950000000041 52.74222915614084 47.25777084385916
278 255.20900000000256 48.99371495519749 51.00628504480251
279 249.76399999999558 51.8994610912764 48.1005389087236
280 257.79099999999744 49.81839940106253 50.18160059893747
281 272.3310000000056 47.32387058397317 52.67612941602683
282 242.73399999999674 33.9474033303951 66.0525966696049
283 281.2170000000042 44.50645942457224 55.49354057542776
284 308.2179999999935 56.224983615480426 43.775016384519574
285 221.31500000000233 34.520647041538616 65.47935295846139
286 279.05500000000757 61.87047356255627 38.12952643744373
287 291.34999999999127 45.399443967732324 54.600556032267676
288 289.8270000000048 44.64149992925594 55.35850007074406
289 263.24099999999453 48.19943321898563 51.80056678101437
290 259.6750000000029 48.97624723212051 51.02375276787949
291 232.12700000000768 34.54508523350147 65.45491476649853
292 295.7289999999921 58.20477193646612 41.79522806353388
293 231.0610000000015 36.35015861613652 63.64984138386348
294 268.1560000000027 47.96488611107131 52.03511388892869
295 305.14899999999034 52.5106194023294 47.4893805976706
296 212.48600000000442 36.48601319615564 63.51398680384436
297 352.6849999999977 49.50079532726362 50.49920467273638
298 267.3289999999979 47.94774603578922 52.05225396421078
299 280.42600000000675 45.18632366471248 54.81367633528752
300 254.4320000000007 50.645952553121944 49.354047446878056
301 259.36699999999837 49.01635520324223 50.98364479675777
302 274.15899999999965 46.53347510021774 53.46652489978226
303 261.86200000000827 49.38234642674585 50.61765357325415
304 255.91199999999662 49.727668104655386 50.272331895344614
305 256.8029999999999 49.588992340432405 50.411007659567595
306 212.43399999999383 56.8612839752589 43.1387160247411
307 291.33000000000175 46.317169532837795 53.682830467162205
308 274.3770000000077 46.857105369609776 53.142894630390224
309 231.97899999999208 33.489639148371566 66.51036085162843
310 298.00999999999476 59.07651756652592 40.92348243347408
311 225.11000000000058 54.27169828084371 45.72830171915629
312 289.65800000001036 42.965873547425595 57.034126452574405
313 258.2939999999944 49.2455419018642 50.7544580981358
314 242.67699999999604 34.968670290129694 65.0313297098703
315 262.81200000000536 59.475400666637555 40.524599333362445
316 273.4780000000028 44.947213304178376 55.052786695821624
317 235.81999999999243 49.93809261300906 50.06190738699094
318 331.1460000000079 39.29200715093081 60.70799284906919
319 244.0460000000021 33.250522442487046 66.74947755751296
320 261.24499999999534 61.24648127237795 38.75351872762205
321 297.346000000005 44.67755073213912 55.32244926786088
322 222.57799999999406 35.679617931683 64.320382068317
323 283.8819999999978 47.157611261023035 52.842388738976965
324 308.3899999999994 56.84544894451692 43.15455105548308
325 243.8929999999964 33.56710114681747 66.43289885318254
326 271.2380000000121 42.39643412796559 57.60356587203441
327 309.5149999999994 57.44005298611686 42.55994701388314
328 223.92399999999907 53.89905950233835 46.10094049766165
329 264.3009999999922 48.854336532973946 51.145663467026054
330 283.4140000000043 45.91589688582749 54.08410311417251
331 268.0679999999993 47.84348001253776 52.15651998746224
332 215.0109999999986 37.40936975316266 62.59063024683734
333 282.60599999999977 41.76188403643936 58.23811596356064
334 307.04700000000594 53.919683305807055 46.080316694192945
335 277.4219999999914 46.33043882604669 53.66956117395331
336 284.2100000000064 44.81507336124563 55.18492663875437
337 242.01299999999173 33.297975728574244 66.70202427142576
338 294.10199999999895 56.92432557412063 43.07567442587937
339 245.15400000000955 51.74555993376371 48.25444006623629
340 225.40099999999802 35.90521781181609 64.09478218818391
341 328.84100000000035 52.049817388952036 47.950182611047964
342 215.76200000000244 38.22387167342518 61.77612832657482
343 311.26299999999173 55.21336297599968 44.78663702400032
344 293.622000000003 43.26841994129247 56.73158005870753
345 277.7829999999958 45.906167764046415 54.093832235953585
346 266.04899999999907 48.31122838274235 51.68877161725765
347 249.46900000001187 51.71822951950278 48.28177048049722
348 255.7329999999929 49.751154524436394 50.248845475563606
349 227.6030000000028 53.887163174470906 46.112836825529094
350 300.43300000000454 40.21726974067567 59.78273025932433
351 278.5509999999922 45.55885636741813 54.44114363258187
352 250.2320000000036 51.25709341729912 48.74290658270088
353 263.27099999999336 47.94075306435112 52.05924693564888
354 264.9460000000108 48.04802110619858 51.95197889380142
355 252.42799999999988 50.83240369530171 49.16759630469829
356 270.0659999999916 47.23783445526704 52.76216554473296
357 261.02700000000186 49.28308948882027 50.71691051117973
358 206.45900000000256 38.9413442862667 61.0586557137333
359 306.7369999999937 55.70192053779844 44.29807946220156
360 290.1389999999956 44.19184942390649 55.80815057609351
361 273.02999999999884 46.542801157384794 53.457198842615206
362 252.0 50.92266269842896 49.07733730157104
363 264.4110000000219 48.315312146628294 51.684687853371706
364 260.45900000000256 49.29135871670071 50.70864128329929
365 257.94799999997485 49.225750926561105 50.774249073438895
366 259.4790000000212 48.59774008688122 51.40225991311878
367 271.07399999999325 47.142732242876676 52.857267757123324
368 265.21100000001024 50.3059752423326 49.6940247576674
369 231.4779999999737 33.56792006154497 66.43207993845503
370 333.7370000000228 53.77813368010755 46.22186631989245
371 254.10699999998906 51.52528265652063 48.47471734347937
372 231.7740000000049 34.01875102469935 65.98124897530064
373 256.9439999999886 61.98333489008307 38.01666510991693
374 299.76500000001397 42.573015528828314 57.426984471171686
375 276.52700000000186 45.61220061695024 54.38779938304976
376 240.30999999999767 32.936061753566136 67.06393824643386
377 300.91699999998673 58.35220010832916 41.64779989167084
378 259.070000000007 49.606357355163425 50.393642644836575
379 242.89100000000326 33.53306215545365 66.46693784454635
380 314.3319999999949 53.872711018927866 46.127288981072134
381 244.76800000001094 47.32581873445506 52.67418126554494
382 318.35699999998906 42.41527593236242 57.58472406763758
383 281.3099999999977 45.28425224839036 54.71574775160964
384 224.30000000001746 35.68135978602054 64.31864021397945
385 302.31399999998393 57.54820815446441 42.45179184553559
386 246.09700000000885 32.47450395576668 67.52549604423332
387 319.2589999999909 54.294770076988726 45.705229923011274
388 245.1240000000107 31.676983893869608 68.3230161061304
389 300.86900000000605 59.11103503519314 40.88896496480686
390 274.06199999997625 45.60742094856558 54.39257905143442
391 235.67399999999907 52.06483108020594 47.93516891979406
392 281.5010000000184 43.83714089826448 56.16285910173552
393 248.77700000000186 51.8168560598382 48.1831439401618
394 257.9569999999949 49.36599510772972 50.63400489227028
395 280.5559999999823 45.50998731090811 54.49001268909189
396 226.33200000002398 54.16417033384731 45.83582966615269
397 284.18699999997625 43.424516251603926 56.575483748396074
398 274.36000000001513 45.335431549791856 54.664568450208144
399 266.1479999999865 48.792791980382574 51.207208019617426
400 260.0920000000042 48.6438721683226 51.3561278316774
401 237.59600000001956 51.059887371858615 48.940112628141385
402 277.1919999999809 43.99727986377041 56.00272013622959
403 254.75800000000163 47.66252679015291 52.33747320984709
404 281.59600000001956 47.17319138055806 52.82680861944194
405 264.25399999998626 48.849296510183216 51.150703489816784
406 240.96199999999953 50.6324067695295 49.3675932304705
407 271.11999999999534 28.260025081113486 71.73997491888652
408 286.59600000001956 56.809913606599636 43.190086393400364
409 262.2249999999767 49.1897721422476 50.8102278577524
410 282.8440000000119 44.13574974189266 55.86425025810734
411 235.85399999999208 51.6016942685102 48.3983057314898
412 282.1820000000007 43.29032326652992 56.70967673347008
413 270.61000000001513 47.07938731015513 52.92061268984487
414 254.0339999999851 50.106233811216704 49.893766188783296
415 221.4090000000142 36.504207146042674 63.495792853957326
416 299.64299999998184 57.42638406369789 42.57361593630211
417 280.14400000000023 45.6294155862685 54.3705844137315
418 251.9310000000114 51.05227621850085 48.94772378149915
419 255.46299999998882 50.18028051029385 49.81971948970615
420 234.82099999999627 33.61109100123333 66.38890899876667
421 303.6820000000007 58.70545504838096 41.29454495161904
422 199.76400000002468 39.51371618508966 60.48628381491034
423 304.5209999999788 39.3954998177171 60.6045001822829
424 292.6350000000093 56.00474311001056 43.99525688998944
425 220.54199999998673 55.79080628631221 44.20919371368779
426 266.6469999999972 28.5292802844061 71.4707197155939
427 324.1730000000098 53.59661662136308 46.40338337863692
428 257.3729999999923 50.35789690449995 49.64210309550005
429 253.71900000001187 50.18170101565824 49.81829898434176
430 235.25399999998626 52.04776114328601 47.95223885671399
431 274.2050000000163 28.623668423253406 71.3763315767466
432 249.37799999999697 48.834624545869644 51.165375454130356
433 293.1389999999956 44.83430045132696 55.16569954867304
434 314.5329999999958 54.85705792396461 45.14294207603539
435 257.24600000001374 49.275483389431436 50.724516610568564
436 263.2140000000072 48.28515960395083 51.71484039604917
437 293.5119999999879 44.58293698385004 55.41706301614996
438 270.7969999999914 46.86756869535914 53.13243130464086
439 237.4900000000198 34.98682470837567 65.01317529162432
440 260.19699999998556 45.26107526222409 54.73892473777591
441 315.9630000000179 56.310254681720316 43.689745318279684
442 271.17399999999907 47.303388230432155 52.696611769567845
443 254.98599999997532 50.20876048095456 49.79123951904544
444 232.29400000002352 34.18140373835964 65.81859626164035
445 301.37999999997555 57.876362067836915 42.123637932163085
446 298.2270000000135 43.61688579503254 56.38311420496746
447 237.98000000001048 35.74350365575612 64.25649634424389
448 321.4339999999793 52.38556593266416 47.61443406733584
449 283.19900000002235 45.49040074293412 54.50959925706588
450 286.70100000000093 44.22638218910579 55.77361781089421
451 283.4859999999753 45.17093260337589 54.82906739662411
452 251.32300000000396 50.96856634688005 49.03143365311995
453 251.6130000000121 51.51299416166073 48.48700583833927
454 258.83299999998417 47.21630163079061 52.78369836920939
455 269.2840000000142 50.06037492014129 49.93962507985871
456 263.8949999999895 49.194766858043394 50.805233141956606
457 255.83600000001024 50.52167404117945 49.47832595882055
458 261.04899999999907 49.90687572065258 50.09312427934742
459 263.99499999999534 48.16902971646988 51.83097028353012
460 202.0460000000021 39.12312047752601 60.87687952247399
461 324.70800000001327 53.62905441196341 46.37094558803659
462 209.44599999999627 36.84472369965029 63.15527630034971
463 282.7289999999921 60.714022968994996 39.285977031005004
464 255.37799999999697 31.49144405546076 68.50855594453924
465 297.1680000000051 56.70174446776862 43.29825553223138
466 257.60699999998906 49.634218014250706 50.365781985749294
467 253.79800000000978 52.07490208747977 47.92509791252023
468 253.2939999999944 49.44559286839369 50.55440713160631
469 246.27900000000955 50.79965405087715 49.20034594912285
470 263.9119999999821 49.415718118165934 50.584281881834066
471 270.2180000000226 47.553042358371734 52.446957641628266
472 257.49199999999837 49.95571124541386 50.04428875458614
473 229.875 34.65600435018521 65.34399564981479
474 274.78899999998976 46.08067644629167 53.91932355370833
475 309.16599999999744 56.31994785972224 43.68005214027776
476 262.11699999999837 49.36915957376053 50.63084042623947
477 253.15100000001257 49.52447748575431 50.47552251424569
478 279.30799999999 45.77076918672394 54.22923081327606
479 237.50599999999395 32.408827566452764 67.59117243354723
480 292.1689999999944 56.579079231534166 43.420920768465834
481 271.7140000000072 46.717456590391194 53.282543409608806
482 237.0230000000156 51.72168523731645 48.27831476268355
483 211.88099999999395 35.20195770267598 64.79804229732402
484 314.8059999999823 56.25300026048428 43.74699973951572
485 257.4530000000086 49.94469670192514 50.05530329807486
486 251.5800000000163 49.09371571664729 50.90628428335271
487 280.7299999999814 47.14512877142446 52.85487122857554
488 256.81200000000536 50.41509742538777 49.58490257461223
489 217.47099999999045 53.877110051429156 46.122889948570844
490 262.93600000001607 50.649998478716796 49.350001521283204
491 305.92600000000675 43.4468172041619 56.5531827958381
492 235.90599999998813 34.073741235906304 65.92625876409369
493 293.5130000000063 44.4308088568424 55.5691911431576
494 283.3489999999874 44.366096227612566 55.633903772387434
495 308.6230000000214 57.876658576936535 42.123341423063465
496 216.6459999999788 36.5699158996854 63.4300841003146
497 301.90400000000955 58.25391515184069 41.74608484815931
498 259.4560000000056 48.95410782560994 51.04589217439006
499 254.51499999998487 50.05310492506554 49.94689507493446
500 275.16300000000047 46.479951883066704 53.520048116933296
501 285.42500000001746 44.91200490497267 55.08799509502733
502 300.99199999999837 41.36457779610481 58.63542220389519
503 249.4549999999872 50.45196929305609 49.54803070694391
504 246.57399999999325 51.929931785176024 48.070068214823976
505 235.82600000000093 32.88486426431654 67.11513573568345
506 326.96000000002095 51.99995412281272 48.00004587718728
507 248.37200000000303 32.65211457008642 67.34788542991359
508 302.77699999997276 57.67135218327469 42.32864781672531
509 268.2300000000105 47.02941132611851 52.97058867388149
510 257.06299999999464 49.1827878768865 50.8172121231135
511 279.71000000002095 45.911157985060115 54.088842014939885
512 231.13999999998487 34.79564765942429 65.20435234057571
513 250.3399999999965 45.35830071105883 54.64169928894117
514 268.35599999999977 46.5354864433803 53.4645135566197
515 274.80300000001444 47.161330116477366 52.838669883522634
516 297.50399999998626 59.12428068190977 40.87571931809023
517 211.50700000001234 37.81408653141976 62.18591346858024
518 292.8959999999788 43.41041530099217 56.58958469900783
519 310.15500000002794 52.70678854120108 47.29321145879892
520 262.4439999999886 49.1433410556277 50.8566589443723
521 277.6820000000007 46.15205882985614 53.84794117014386
522 266.9290000000037 47.744905948766124 52.255094051233876
523 266.55100000000675 48.17420681220852 51.82579318779148
524 236.25499999997555 34.1889229857943 65.8110770142057
525 261.5210000000079 51.60131308766307 48.39868691233693
526 316.36800000001676 53.10066757700063 46.89933242299937
527 261.7939999999944 48.77281755884263 51.22718244115737
528 246.83499999999185 49.092260011753375 50.907739988246625
529 299.10800000000745 44.0554080800181 55.9445919199819
530 236.2170000000042 34.04940372626392 65.95059627373608
531 332.7739999999758 53.24708961638789 46.75291038361211
532 277.06400000001304 45.562422400597214 54.437577599402786
533 221.08699999999953 39.48800246056675 60.51199753943325
534 263.61999999999534 43.65711251042343 56.34288748957657
535 278.1380000000063 60.14095161394181 39.85904838605819
536 295.44200000001 45.220188734157276 54.779811265842724
537 263.4320000000007 48.73414011965421 51.26585988034579
538 264.8759999999893 48.39779745996785 51.60220254003215
539 234.04999999998836 35.80481948303558 64.19518051696443
540 328.9090000000142 51.33113718384021 48.66886281615979
541 270.0249999999942 47.17403203404593 52.82596796595407
542 220.86699999999837 34.74553917063366 65.25446082936634
543 328.9759999999951 49.062302417186785 50.937697582813215
544 279.4349999999977 49.512194249088296 50.487805750911704
545 257.45000000001164 50.19841911049967 49.80158088950033
546 255.6710000000021 50.15662707149413 49.84337292850587
547 258.67600000000675 49.88131098362946 50.11868901637054
548 236.83599999998114 35.357036092508196 64.6429639074918
549 306.6959999999963 55.103591178238766 44.896408821761234
550 285.3660000000091 44.7233132188186 55.2766867811814
551 269.57399999999325 47.4776758886215 52.5223241113785
552 276.8880000000063 46.03859322180116 53.96140677819884
553 245.86100000000442 33.02217513146393 66.97782486853606
554 319.79899999999907 51.93884596260643 48.06115403739357
555 269.195000000007 47.596184921678365 52.403815078321635
556 238.43299999999 33.9770207982642 66.02297920173581
557 271.61800000001676 60.10292027773346 39.89707972226654
558 301.6469999999972 40.692425252048764 59.307574747951236
559 251.73499999998603 51.387756966649654 48.612243033350346
560 260.85699999998906 49.33652537599667 50.66347462400333
561 243.5340000000142 50.27866334885965 49.72133665114035
562 297.1559999999881 40.71372275837861 59.28627724162139
563 266.3060000000114 48.67894452244565 51.32105547755435
564 280.83400000000256 45.163687445247795 54.836312554752205
565 253.48199999998906 51.086941084585646 48.913058915414354
566 249.08500000002095 51.72802055523613 48.27197944476387
567 229.01699999999255 35.59582039765016 64.40417960234984
568 298.62099999998463 57.44404445769726 42.55595554230274
569 236.26500000001397 33.28233551306774 66.71766448693225
570 288.07300000000396 56.22801859250897 43.77198140749103
571 264.26600000000326 48.522727100728005 51.477272899271995
572 240.03999999997905 34.461298116983166 65.53870188301684
573 264.5709999999963 50.32045462277136 49.67954537722864
574 301.6000000000058 57.09745026524163 42.90254973475837
575 259.0789999999979 49.63931464919944 50.36068535080056
576 233.55100000000675 33.99576109713644 66.00423890286356
577 301.56200000000536 55.46506854310359 44.53493145689641
578 230.28200000000652 36.43910075473421 63.56089924526579
579 252.7729999999865 50.31298437728835 49.68701562271165
580 305.5940000000119 58.043610149410874 41.956389850589126
581 273.38300000000163 46.35932373264502 53.64067626735498
582 247.8389999999781 51.34717296311789 48.65282703688211
583 281.15600000001723 45.3620943532817 54.6379056467183
584 264.372000000003 48.523769536870134 51.476230463129866
585 233.01900000000023 36.83841231829816 63.16158768170184
586 293.3990000000049 55.08340860056058 44.91659139943942
587 256.62999999997555 50.130093909509 49.869906090491
588 258.5340000000142 49.59881872403191 50.40118127596809
589 259.3519999999844 48.94791634534144 51.05208365465856
590 256.8420000000042 49.67303244799217 50.32696755200783
591 286.6359999999986 44.41862850443872 55.58137149556128
592 251.35800000000745 51.29993475437834 48.70006524562166
593 267.34500000000116 47.834352615538634 52.165647384461366
594 281.97400000001653 44.96016654017425 55.03983345982575
595 242.81099999998696 50.79781805600286 49.20218194399714
596 230.74799999999232 34.64627212367725 65.35372787632275
597 307.625 54.97504754167542 45.02495245832458
598 306.4530000000086 42.344689071411736 57.655310928588264
599 255.6240000000107 50.52319813473617 49.47680186526383
600 251.47399999998743 51.28436736999542 48.71563263000458
601 227.45800000001327 53.11883952201191 46.88116047798809
602 288.362999999983 42.67395955792334 57.32604044207666
603 246.90299999999115 31.70023855521639 68.29976144478361
604 321.9750000000058 54.42926935319403 45.57073064680597
605 257.0450000000128 50.12245715728193 49.87754284271807
606 271.0899999999965 47.12013722379192 52.87986277620808
607 261.81200000000536 49.20175163855706 50.79824836144294
608 254.84500000000116 50.02675351684385 49.97324648315615
609 260.61899999997695 49.15831923229996 50.84168076770004
610 233.7490000000107 36.8481448048876 63.1518551951124
611 302.1339999999909 53.65520927798342 46.34479072201658
612 269.28900000001886 47.37833331476814 52.62166668523186
613 272.6239999999816 46.874262720817775 53.125737279182225
614 293.2950000000128 43.13050000851899 56.86949999148101
615 254.4079999999958 49.44776500739563 50.55223499260437
616 256.70800000001327 50.64008523303909 49.35991476696091
617 241.26699999999255 35.06461306352865 64.93538693647136
618 321.4230000000098 52.33942188330373 47.66057811669627
619 284.57299999997485 44.89404827585689 55.10595172414311
620 294.67500000001746 43.062519725113624 56.937480274886376
621 232.23099999999977 33.34790790204792 66.65209209795208
622 330.48099999999977 52.14337889316798 47.85662110683202
623 250.32199999998556 51.665215202817606 48.334784797182394
624 218.43600000001607 58.83422604332377 41.16577395667623
625 262.42600000000675 29.540007468770547 70.45999253122946
626 315.97299999999814 53.88154684103079 46.11845315896921
627 238.7599999999802 33.47344613839879 66.5265538616012
628 333.2290000000212 52.4438929384897 47.5561070615103
629 283.2849999999744 44.9717351783502 55.0282648216498
630 213.97600000002421 39.82657868168909 60.17342131831091
631 308.7739999999758 56.48853206552008 43.51146793447992
632 256.3760000000184 50.17626844944538 49.82373155055462
633 254.36100000000442 50.44207641898674 49.55792358101326
634 248.08699999999953 51.61950444802559 48.38049555197441
635 263.3070000000007 48.68349872961498 51.31650127038502
636 236.1699999999837 33.19927594528256 66.80072405471745
637 272.4010000000126 46.89874119404598 53.10125880595402
638 248.3409999999858 50.71770670166077 49.28229329833923
639 334.13000000000466 53.23123335227016 46.76876664772984
640 261.58499999999185 48.87957642831468 51.12042357168532
641 258.4900000000198 49.62060427867558 50.37939572132442
642 234.1380000000063 37.659363281481355 62.340636718518645
643 304.1349999999802 55.94429118648709 44.05570881351291
644 267.6150000000198 47.84530762476742 52.15469237523258
645 244.51999999998952 49.526607230494484 50.473392769505516
646 267.94899999999325 45.59804664318842 54.40195335681158
647 253.0679999999993 50.3820396099148 49.6179603900852
648 235.4210000000021 50.70900641827397 49.29099358172603
649 290.06700000001 46.14810371395835 53.85189628604165
650 264.67599999997765 48.63112635827895 51.36887364172105
651 252.43700000000536 50.64225133401805 49.35774866598195
652 229.67800000001444 51.67267652976266 48.32732347023734
653 264.9079999999958 50.264533347419885 49.735466652580115
654 221.44599999999627 38.2103582814947 61.7896417185053
655 314.625 55.31175208580267 44.68824791419733
656 252.86699999999837 51.034342164069514 48.965657835930486
657 257.2960000000021 49.76960388034543 50.23039611965457
658 265.17600000000675 47.42695040274795 52.57304959725205
659 259.06299999999464 49.15595048312593 50.84404951687407
660 206.17600000000675 38.708292914797696 61.291707085202304
661 311.7060000000056 56.61772952717327 43.38227047282673
662 253.94899999999325 50.01268758687802 49.98731241312198
663 250.6579999999958 51.28445132410564 48.71554867589436
664 235.08600000001024 34.68569374611263 65.31430625388737
665 316.7129999999888 55.278169825676734 44.721830174323266
666 265.2369999999937 48.37635774799389 51.62364225200611
667 263.4200000000128 48.698242350616894 51.301757649383106
668 259.612999999983 49.23768840542355 50.76231159457645
669 217.04899999999907 56.6545618731242 43.3454381268758
670 261.08400000000256 29.731576810527706 70.26842318947229
671 306.1700000000128 55.837472645920215 44.162527354079785
672 275.2589999999909 45.3841436610451 54.6158563389549
673 218.9990000000107 56.97408207346017 43.02591792653983
674 291.877999999997 44.98592562647063 55.01407437352937
675 253.24299999998766 50.75176411590289 49.24823588409711
676 261.92399999999907 48.88876162554608 51.11123837445392
677 256.44900000002235 49.926145159471105 50.073854840528895
678 249.72899999999208 51.38875741305807 48.61124258694193
679 267.21100000001024 47.401734958505166 52.598265041494834
680 269.94799999997485 47.25345992563281 52.74654007436719
681 275.62000000002445 45.87831071764757 54.12168928235243
682 233.04999999998836 33.537258099146555 66.46274190085344
683 276.62899999998626 47.49526983792767 52.50473016207233
684 296.19800000000396 56.49002356531413 43.50997643468587
685 252.8619999999937 50.367370344286975 49.632629655713025
686 224.72100000001956 35.25169432318897 64.74830567681103
687 292.3289999999979 43.689066086485 56.310933913515
688 258.24499999999534 44.56830141918202 55.43169858081798
689 330.0590000000084 51.97014473169058 48.02985526830942
690 257.0799999999872 50.417321456345995 49.582678543654005
691 264.75400000001537 48.19484124885466 51.80515875114534
692 284.8530000000028 43.94186124070929 56.05813875929071
693 279.7399999999907 45.89576749837573 54.10423250162427
694 288.8880000000063 43.700022153911114 56.299977846088886
695 245.93399999997928 35.05727146307036 64.94272853692965
696 290.90400000000955 56.885457057999524 43.114542942000476
697 257.9670000000042 49.230932638674254 50.769067361325746
698 269.3869999999879 46.68312130876601 53.31687869123399
699 250.66300000000047 50.97343844124486 49.02656155875514
700 255.6490000000049 50.09662858062958 49.90337141937042
701 253.6149999999907 50.88939534331745 49.11060465668255
702 257.8860000000277 49.63718852516366 50.36281147483634
703 259.23199999998906 49.748541846690834 50.251458153309166
704 273.76600000000326 46.43091180061478 53.56908819938522
705 212.17600000000675 57.617176306455434 42.382823693544566
706 310.02599999998347 42.9521330469018 57.0478669530982
707 263.6490000000049 48.94991446961626 51.05008553038374
708 263.69200000001 48.06616431293442 51.93383568706558
709 269.4099999999744 47.563286440731424 52.436713559268576
710 249.26800000001094 51.24460018934509 48.75539981065491
711 261.6820000000007 48.978898051857854 51.021101948142146
712 278.33699999999953 45.50768672507946 54.49231327492054
713 261.20800000001327 49.18599736608099 50.81400263391901
714 248.94099999999162 51.40228005833431 48.59771994166569
715 252.39300000001094 48.27971061005815 51.72028938994185
716 278.7399999999907 45.5646121833905 54.4353878166095
717 214.0229999999865 57.341622162102915 42.658377837897085
718 300.8300000000163 41.8082704517639 58.1917295482361
719 225.20900000000256 34.53455234914913 65.46544765085088
720 304.3059999999823 55.043788160588825 44.956211839411175
721 275.17800000001444 45.85002798189114 54.14997201810886
722 266.03899999998976 48.18648017772654 51.81351982227346
723 267.93900000001304 47.95484046740943 52.04515953259057
724 250.86699999999837 51.23532788292599 48.76467211707401
725 280.1349999999802 45.21304371108472 54.78695628891528
726 277.7250000000058 45.775587361587995 54.224412638412005
727 252.60599999999977 50.93536178872181 49.06463821127819
728 279.4770000000135 45.256693752954476 54.743306247045524
729 253.78599999999278 49.85529540635912 50.14470459364088
730 240.44599999999627 33.75884814052727 66.24115185947272
731 322.40200000000186 53.098513656862025 46.901486343137975
732 229.94500000000698 34.02426667248237 65.97573332751763
733 296.33299999998417 56.37309715757885 43.62690284242115
734 266.3210000000254 48.18307606231975 51.81692393768025
735 222.8409999999858 55.131039620165254 44.868960379834746
736 284.84700000000885 45.69896821802189 54.30103178197811
737 241.28699999998207 35.7768425153521 64.2231574846479
738 265.53900000001886 64.65651749835187 35.343482501648126
739 270.25800000000163 29.294847886087886 70.7051521139121
740 294.67599999997765 54.537254476113375 45.462745523886625
741 254.13900000002468 50.703252944249314 49.296747055750686
742 262.4769999999844 48.53916343144313 51.46083656855687
743 218.64000000001397 36.33395993414682 63.66604006585318
744 344.18599999998696 50.495729053474356 49.504270946525644
745 282.3960000000079 43.978724911115485 56.021275088884515
746 255.78599999999278 50.44180291337186 49.55819708662814
747 249.90200000000186 50.72850557418984 49.27149442581016
748 227.2369999999937 53.450111557565435 46.549888442434565
749 258.95000000001164 33.1085383278645 66.8914616721355
750 251.36999999999534 61.63624139712023 38.36375860287977
751 301.75800000000163 43.97992431022548 56.02007568977452
752 204.92900000000373 40.45644101124186 59.54355898875814
753 317.7719999999972 55.80727062168788 44.19272937831212
754 284.50800000000163 44.524069621958574 55.475930378041426
755 257.7509999999893 50.14714200913014 49.85285799086986
756 245.66200000001118 49.5992583305473 50.4007416694527
757 259.17600000000675 50.158313269717226 49.841686730282774
758 232.920999999973 34.872033865565506 65.1279661344345
759 241.23700000002282 47.96328092288397 52.03671907711603
760 248.4089999999851 47.70617006633212 52.29382993366788
761 320.22100000001956 54.19858472740303 45.80141527259697
762 233.72000000000116 34.354398425454754 65.64560157454525
763 322.8099999999977 53.892881261425394 46.107118738574606
764 238.72299999999814 52.45616467619597 47.54383532380403
765 259.1710000000021 49.320475670471026 50.679524329528974
766 278.8759999999893 45.68127770047331 54.31872229952669
767 249.90400000000955 51.51015189830436 48.48984810169564
768 253.93499999999767 50.38589402800366 49.61410597199634
769 279.2869999999821 46.125773845525174 53.874226154474826
770 262.1579999999958 48.90282196234341 51.09717803765659
771 274.5200000000186 46.540514352299645 53.459485647700355
772 249.49299999998766 50.33241012773475 49.66758987226525
773 226.387000000017 35.43657542172932 64.56342457827068
774 301.0819999999949 58.48410731959661 41.51589268040339
775 249.43299999999 51.58697125079957 48.41302874920043
776 256.2630000000063 51.53077892634295 48.46922107365705
777 270.1939999999886 47.19021147769985 52.80978852230015
778 265.2390000000014 48.52492280546164 51.47507719453836
779 256.26900000000023 49.955843274083485 50.044156725916515
780 263.3850000000093 48.68248761320389 51.31751238679611
781 270.9439999999886 46.90059938584188 53.09940061415812
782 262.58600000001024 48.69801512648161 51.30198487351839
783 283.8280000000086 44.78770593456586 55.21229406543414
784 207.33199999999488 40.92174386973427 59.07825613026573
785 278.39199999999255 45.26949050262325 54.73050949737675
786 290.26800000001094 57.89555858726515 42.10444141273485
787 254.99799999999232 50.078804539652985 49.921195460347015
788 256.6460000000079 50.03792772924436 49.96207227075564
789 286.41699999998673 45.748426245633674 54.251573754366326
790 281.2289999999921 45.22768988973458 54.77231011026542
791 236.5690000000177 50.89296146156379 49.10703853843621
792 267.6479999999865 45.89411839429488 54.10588160570512
793 293.19800000000396 44.940698776940486 55.059301223059514
794 264.5010000000184 48.515601075244085 51.484398924755915
795 281.00399999998626 44.86862820458774 55.13137179541226
796 262.3399999999965 48.425165815358234 51.574834184641766
797 276.67600000000675 45.14243374922961 54.85756625077039
798 222.01900000000023 55.77614528489215 44.22385471510785
799 242.19200000001 48.38284501552838 51.61715498447162
800 298.6849999999977 43.486130873664955 56.513869126335045
801 239.71299999998882 33.896522090970514 66.1034779090295
802 305.5929999999935 56.24200816120408 43.75799183879592
803 261.8430000000226 48.6557440909068 51.3442559090932
804 254.62299999999232 49.81585324187028 50.18414675812972
805 248.4670000000042 51.320931954716364 48.679068045283636
806 255.75899999999092 49.69700381998679 50.30299618001321
807 248.95300000000861 49.308407611102105 50.691592388897895
808 255.86099999997532 50.39355353098189 49.60644646901811
809 254.36700000002747 50.24105328126777 49.75894671873223
810 240.07199999998556 34.526162984447886 65.4738370155521
811 308.51900000000023 51.654105581806455 48.345894418193545
812 224.13899999999558 35.74124538790482 64.25875461209517
813 289.4230000000098 45.58919989081115 54.41080010918885
814 308.125 54.06880973630448 45.93119026369552
815 266.8880000000063 47.991674410222515 52.008325589777485
816 227.15200000000186 37.72747763613869 62.27252236386131
817 297.98299999997835 55.76521815004051 44.23478184995949
818 272.4200000000128 46.29827105205126 53.70172894794874
819 264.0920000000042 48.25000000001142 51.74999999998858
820 239.2960000000021 35.45712841003361 64.54287158996638
821 272.23399999999674 42.47244282490107 57.52755717509893
822 287.01799999998184 56.04204614342632 43.95795385657368
823 286.247000000003 44.00612757513757 55.99387242486243
824 235.44700000001467 51.92168938231075 48.07831061768925
825 283.6460000000079 46.60973184883271 53.39026815116729
826 229.4189999999944 34.10901451055518 65.89098548944483
827 285.4339999999793 57.599833937097024 42.400166062902976
828 256.5360000000219 50.4334557333204 49.5665442666796
829 268.95999999999185 47.316169690653524 52.683830309346476
830 257.6810000000114 49.801300833192506 50.198699166807494
831 236.90599999998813 33.61621909114055 66.38378090885945
832 287.23399999999674 57.3022378966224 42.6977621033776
833 271.8869999999879 47.094307561563 52.905692438437
834 260.80100000000675 48.92671807240291 51.07328192759709
835 199.8990000000049 39.11419766980291 60.88580233019709
836 287.46100000001024 58.32860457591798 41.67139542408202
837 275.2489999999816 46.07807112833292 53.92192887166708
838 262.747000000003 48.5633556234785 51.4366443765215
839 263.0890000000072 48.622044251185265 51.377955748814735
840 285.3770000000077 45.86190197527556 54.13809802472444
841 261.11599999998 49.19559889092566 50.80440110907434
842 234.6140000000014 52.91214505526731 47.08785494473269
843 272.1849999999977 29.48150338923509 70.51849661076491
844 308.05100000000675 53.221099752943914 46.778900247056086
845 252.54099999999744 51.142757017682115 48.857242982317885
846 258.60599999999977 49.89741924008024 50.10258075991976
847 266.45900000000256 47.84018179158832 52.15981820841168
848 258.8050000000221 49.54154672440335 50.45845327559665
849 242.18400000000838 33.04442490005636 66.95557509994364
850 251.41499999997905 49.88116858585616 50.11883141414384
851 317.31099999998696 55.46051035107749 44.53948964892251
852 250.62099999998463 51.28407435926442 48.71592564073558
853 252.8430000000517 50.41145691203569 49.58854308796431
854 259.8619999999646 49.65859571621951 50.34140428378049
855 239.4550000000163 33.64864379525271 66.35135620474729
856 261.0349999999744 62.53526538589919 37.46473461410081
857 301.0140000000247 42.21709621476767 57.78290378523233
858 252.32099999999627 51.094855362859306 48.905144637140694
859 254.84799999999814 50.00116540053514 49.99883459946486
860 284.2179999999935 44.9736153234753 55.0263846765247
861 283.375 45.4576162329763 54.5423837670237
862 215.53999999997905 38.39008072749537 61.60991927250463
863 311.10900000005495 55.91706122289064 44.08293877710936
864 259.1039999999921 50.09792206990276 49.90207793009724
865 268.6790000000037 47.18447664313311 52.81552335686689
866 264.75299999996787 49.08590648647127 50.91409351352873
867 235.33199999999488 48.9897124062771 51.0102875937229
868 301.52900000003865 46.61931356515184 53.38068643484816
869 219.1579999999958 59.185373109827175 40.814626890172825
870 296.3859999999986 44.403558197758095 55.596441802241905
871 267.05099999997765 48.084631774421425 51.915368225578575
872 275.60600000002887 46.36977424296488 53.63022575703512
873 240.8389999999781 33.63755870104806 66.36244129895195
874 291.5650000000023 56.11421466918439 43.88578533081561
875 221.91499999997905 57.22349548251976 42.77650451748024
876 297.72200000000885 44.9915357279668 55.0084642720332
877 256.53000000002794 49.71692589557378 50.28307410442622
878 245.32299999997485 50.868332769408006 49.131667230591994
879 269.26600000000326 47.61536547506123 52.38463452493877
880 256.0480000000098 51.12541398484284 48.87458601515716
881 283.78899999998976 45.90654324168308 54.09345675831692
882 256.0370000000112 51.615125938863784 48.384874061136216
883 269.4290000000037 46.68808480156039 53.31191519843961
884 286.6840000000084 44.7221540092953 55.2778459907047
885 255.55400000000373 50.411052067237705 49.588947932762295
886 249.42799999995623 51.820200618992054 48.179799381007946
887 245.89600000000792 49.71669323615403 50.28330676384597
888 260.7360000000335 51.145687592065 48.854312407935
889 234.01699999999255 34.658648730677974 65.34135126932202
890 298.4969999999739 55.69387967048157 44.30612032951843
891 268.76600000000326 47.74922051153842 52.25077948846158
892 269.96000000002095 47.362838939115264 52.637161060884736
893 263.02899999998044 48.88211185836908 51.11788814163092
894 266.2390000000014 48.3118588936926 51.6881411063074
895 285.7760000000126 43.580514108968856 56.419485891031144
896 257.1730000000098 50.07879520788554 49.92120479211446
897 256.4329999999609 49.93129199440755 50.06870800559245
898 260.89400000002934 49.050537766260234 50.949462233739766
899 292.2399999999907 43.765514645525116 56.234485354474884
900 245.6610000000219 49.554528394829944 50.445471605170056
901 275.8089999999502 32.61819955114943 67.38180044885057
902 297.51600000000326 55.6312030277484 44.3687969722516
903 275.87900000001537 46.40363347700638 53.59636652299362
904 245.4990000000107 49.33991991821278 50.66008008178722
905 307.3960000000079 41.543676560472434 58.456323439527566
906 267.4739999999874 47.37727779147738 52.62272220852262
907 257.6120000000228 49.803976522837786 50.196023477162214
908 257.2939999999944 50.50550731842338 49.49449268157662
909 265.1680000000051 47.9227885717328 52.0772114282672
910 254.22999999998137 50.6062777799712 49.3937222200288
911 251.02700000000186 33.45126619846694 66.54873380153306
912 289.11599999998 55.99625409867246 44.00374590132754
913 255.45900000003166 49.924633698552924 50.075366301447076
914 259.72200000000885 48.856419556295535 51.143580443704465
915 256.3499999999767 50.277491710554415 49.722508289445585
916 260.0 49.13246923081156 50.86753076918844
917 265.74300000001676 48.21930587068384 51.78069412931616
918 265.9679999999935 47.41925720386945 52.58074279613055
919 259.16599999996834 49.49582892813777 50.50417107186223
920 226.52000000001863 35.65005739008827 64.34994260991172
921 297.6610000000219 57.9559330916811 42.0440669083189
922 249.9979999999632 50.841570732580976 49.158429267419024
923 280.7700000000186 44.4107632581983 55.5892367418017
924 248.68400000000838 51.697109584859724 48.302890415140276
925 242.37199999997392 50.27361658940605 49.72638341059395
926 260.74499999999534 50.55423114539362 49.44576885460638
927 227.5109999999986 54.32425684911173 45.67574315088827
928 264.23200000001816 31.76485058580159 68.23514941419842
929 279.73499999998603 44.76890986109894 55.23109013890106
930 273.79200000001583 42.634485302715255 57.365514697284745
931 329.51799999998184 52.64248690513731 47.35751309486269
932 288.67600000003586 44.298285967668996 55.701714032331004
933 212.10699999995995 38.217173407753876 61.782826592246124
934 307.33500000002095 54.23652691684239 45.76347308315761
935 257.10899999999674 50.065050231616524 49.934949768383476
936 243.07199999998556 35.29568605190331 64.70431394809668
937 298.89300000004005 55.31248306247312 44.68751693752688
938 286.82299999997485 44.029181760158345 55.970818239841655
939 238.79300000000512 33.930776865333996 66.069223134666
940 295.7280000000028 57.71657401397026 42.28342598602974
941 285.1489999999758 46.75475979224814 53.24524020775186
942 249.28100000001723 51.2501353894134 48.7498646105866
943 210.36599999997998 39.1210461766688 60.8789538233312
944 326.92700000002515 52.61060726098334 47.38939273901666
945 257.37900000001537 49.78568570088551 50.21431429911449
946 267.46999999997206 47.619635847014834 52.380364152985166
947 257.1450000000186 49.37831962511966 50.62168037488034
948 256.6720000000205 50.40294617255084 49.59705382744916
949 266.31199999997625 47.930870557875146 52.069129442124854
950 244.75400000001537 49.444241973553396 50.555758026446604
951 237.05199999996694 54.42603732513401 45.57396267486599
952 280.9899999999907 44.58157585679319 55.41842414320681
953 260.56400000001304 48.93879430776688 51.06120569223312
954 249.40700000000652 51.402975858733946 48.597024141266054
955 263.71199999999953 49.28369964202122 50.71630035797878
956 253.2839999999851 50.8017482351658 49.1982517648342
957 256.5900000000256 49.629521805193704 50.370478194806296
958 287.79200000001583 43.89726260632399 56.10273739367601
959 269.4109999999637 48.09437996224743 51.90562003775257
960 240.3190000000177 33.6069765603634 66.39302343963661
961 309.85800000000745 56.44472306670348 43.55527693329652
962 251.92199999996228 50.677785187460465 49.322214812539535
963 283.0430000000051 45.3536353133916 54.6463646866084
964 265.08600000001024 47.918724489440045 52.081275510559955
965 253.5810000000056 50.610609627689975 49.389390372310025
966 266.21199999999953 48.04468243357544 51.95531756642456
967 279.16399999998976 45.17541660098407 54.82458339901593
968 213.89300000004005 38.06485485730322 61.93514514269678
969 244.475999999966 48.8585668941037 51.1414331058963
970 275.39100000000326 45.72009252294896 54.27990747705104
971 299.1710000000312 58.42870465392645 41.57129534607355
972 290.32399999996414 45.3626431159494 54.6373568840506
973 262.0989999999874 48.5652596919587 51.4347403080413
974 272.06300000002375 46.44392659052337 53.55607340947663
975 260.74499999999534 49.125045542559405 50.874954457440595
976 236.2050000000163 33.78117736714152 66.21882263285849
977 308.6479999999865 57.22305344598968 42.77694655401032
978 263.3670000000275 48.84697019746042 51.15302980253958
979 257.1229999999632 49.643707486293046 50.356292513706954
980 250.4560000000056 51.25564570221767 48.74435429778233
981 283.06400000001304 45.08610420255995 54.91389579744005
982 236.78700000001118 34.16604796718121 65.83395203281879
983 259.62099999998463 46.05548472587379 53.94451527412621
984 329.0229999999865 51.76216252360689 48.23783747639311
985 260.4400000000023 49.64245891565863 50.35754108434137
986 215.08400000003166 56.79717691691477 43.20282308308523
987 269.1609999999637 32.18127068926207 67.81872931073792
988 311.56200000003446 52.37762628306537 47.62237371693463
989 250.98499999998603 50.6791561248643 49.3208438751357
990 267.295999999973 47.64338037234762 52.35661962765238
991 270.9180000000051 47.59190972918824 52.40809027081176
992 270.9420000000391 47.542968605817784 52.457031394182216
993 248.1699999999837 51.17533545555486 48.82466454444514
994 214.81099999998696 36.927457160070055 63.072542839929945
995 316.3400000000256 55.60756464559379 44.39243535440621
996 255.34299999999348 50.10367231532995 49.89632768467005
997 265.9660000000149 47.65838866619832 52.34161133380168
998 272.6349999999511 46.60998404459992 53.39001595540008
999 239.67800000001444 32.940215622588084 67.05978437741192
1000 318.6510000000126 56.792067183166004 43.207932816833996
1001 238.77000000001863 32.57113121411832 67.42886878588169
1002 316.92399999999907 52.27629968069047 47.72370031930953
1003 283.53899999998976 46.094981642748195 53.905018357251805
1004 253.2949999999837 50.61666041568657 49.38333958431343
1005 250.99499999999534 51.4715591944491 48.5284408055509
1006 228.9770000000135 36.66222808400658 63.33777191599342
1007 289.44900000002235 55.72457669571126 44.27542330428874
1008 271.8189999999595 47.264955724211475 52.735044275788525
1009 263.1940000000177 48.45956214806848 51.54043785193152
1010 283.09399999998277 44.2972440249808 55.7027559750192
mean: 265.644 std: 26.371
DurationTime(%): 47.447 std: 6.721
IdleTime(%): 52.553 std: 6.721 
