11 301.372000000003 78.90466599419369 21.095334005806308
12 287.54899999999907 82.8457480290413 17.154251970958697
13 265.0880000000034 89.79767850677192 10.202321493228084
14 293.02099999999336 81.6063012548819 18.3936987451181
15 286.70000000000437 83.49649110567263 16.503508894327368
16 285.6189999999988 83.49788704534431 16.502112954655686
17 268.20900000000256 89.0114835818541 10.988516418145906
18 289.6389999999956 82.21120083965833 17.788799160341668
19 283.8480000000054 84.82043558526256 15.179564414737442
20 296.8729999999996 80.82062026527315 19.17937973472685
21 291.0109999999986 82.86985715315758 17.130142846842418
22 298.0829999999987 77.97767064874782 22.022329351252182
23 275.5199999999968 86.472786004655 13.527213995344994
24 290.6419999999998 82.3531905230207 17.6468094769793
25 291.7540000000008 82.02172035343965 17.978279646560352
26 289.82300000000396 82.64214710357803 17.357852896421974
27 290.3009999999995 82.30193833295354 17.69806166704646
28 252.0460000000021 95.50157510931963 4.4984248906803685
29 273.4579999999987 87.21129021641293 12.788709783587066
30 289.3949999999968 82.55765303479744 17.44234696520256
31 280.1529999999984 84.44165152611333 15.558348473886667
32 288.9360000000015 82.4517851703926 17.548214829607403
33 265.8110000000015 89.03303475023772 10.966965249762282
34 290.6650000000009 82.49766225721558 17.50233774278442
35 287.737000000001 82.70658274743951 17.293417252560488
36 292.7869999999966 81.72413392672921 18.27586607327079
37 275.68100000000413 86.7806740399094 13.2193259600906
38 284.9579999999987 83.69373732270743 16.306262677292565
39 276.6840000000011 86.31743794360524 13.682562056394758
40 293.07999999999447 81.93993448890666 18.06006551109334
41 276.8530000000028 87.04282417022885 12.957175829771145
42 288.9170000000013 82.66580713488604 17.334192865113963
43 294.18099999999686 81.32960320347986 18.670396796520137
44 285.45300000000134 84.28923850863582 15.710761491364181
45 283.75 84.1790096916416 15.820990308358404
46 257.6900000000023 91.8824168574577 8.117583142542301
47 288.5149999999994 83.10771710310875 16.892282896891246
48 267.1189999999988 89.7151419405138 10.284858059486197
49 283.86299999999756 84.7457188855332 15.254281114466806
50 296.471000000005 81.16794560005836 18.83205439994164
51 277.1449999999968 85.93874325720458 14.061256742795422
52 292.8419999999969 81.72552775899753 18.27447224100247
53 285.1560000000027 84.49284251426653 15.507157485733472
54 279.762999999999 85.68643816375695 14.313561836243053
55 294.7930000000051 81.35389239229701 18.646107607702987
56 279.6429999999964 85.71866272354353 14.281337276456469
57 277.6869999999981 86.63962302878215 13.360376971217846
58 290.77100000000064 82.66993269619279 17.330067303807212
59 262.9800000000032 90.9157920754208 9.084207924579204
60 303.50800000000163 79.49546634686924 20.504533653130764
61 264.80599999999686 90.44060935176253 9.559390648237468
62 287.6469999999972 83.46769825514055 16.532301744859453
63 293.2320000000036 82.32152357176022 17.678476428239776
64 300.4959999999992 79.92092407222279 20.07907592777721
65 290.2220000000016 82.66062186875277 17.33937813124723
66 281.6290000000008 85.29191596037188 14.708084039628119
67 285.625 84.55072910284902 15.449270897150981
68 285.5969999999943 84.03963977213374 15.96036022786626
69 293.9190000000017 81.55208747988155 18.44791252011845
70 291.1419999999998 80.09206160568752 19.90793839431248
71 272.53199999999924 87.90376176006944 12.096238239930557
72 270.1860000000015 88.57383432155017 11.426165678449834
73 293.4190000000017 81.97849150872935 18.02150849127065
74 290.75099999999657 82.96466392203679 17.03533607796321
75 286.8660000000018 84.09040457913048 15.909595420869522
76 293.2059999999983 81.71583460093072 18.28416539906928
77 275.6990000000005 87.95069985743642 12.049300142563581
78 265.6640000000043 90.65184970490844 9.348150295091557
79 293.2459999999992 81.88244681940718 18.11755318059282
80 283.5440000000017 85.02900431682292 14.97099568317708
81 289.08899999999994 83.0977034754212 16.9022965245788
82 285.99899999999616 83.90204860856909 16.09795139143091
83 283.8090000000011 84.86600495405648 15.133995045943522
84 281.3919999999998 85.2935335759187 14.706466424081299
85 281.4369999999981 85.90963874687674 14.090361253123262
86 285.8570000000036 83.79809135338088 16.201908646619117
87 289.55599999999686 83.8119465664829 16.188053433517098
88 266.48099999999977 89.16704755689622 10.832952443103778
89 261.5610000000015 91.8157332324322 8.184266767567806
90 294.5300000000061 81.86714765899443 18.132852341005574
91 273.36999999999534 88.26799941474634 11.732000585253658
92 286.74499999999534 83.94196585814963 16.05803414185037
93 298.72299999999814 80.70745473237886 19.292545267621136
94 296.0310000000027 81.36243163720005 18.637568362799954
95 307.5 78.13613983742228 21.863860162577723
96 280.20500000000175 85.5563176959203 14.4436823040797
97 287.63000000000466 84.18279039034175 15.81720960965825
98 288.7019999999902 83.23118994675876 16.76881005324124
99 294.4600000000064 81.3657984106965 18.6342015893035
100 284.29700000000594 82.83698385848606 17.163016141513936
101 277.45299999999406 87.54695389852371 12.45304610147629
102 288.6820000000007 83.11693489719659 16.883065102803414
103 286.50199999999313 84.1031231893475 15.8968768106525
104 288.7250000000058 83.59476664644953 16.40523335355047
105 283.44800000000396 84.97099997171449 15.029000028285509
106 281.53399999999965 85.14827338793121 14.851726612068788
107 299.3429999999935 81.00583277374005 18.994167226259947
108 287.05800000000454 84.35320388209571 15.646796117904287
109 288.0219999999972 83.72437174940944 16.275628250590557
110 381.7719999999972 63.23583709646897 36.76416290353103
111 323.6880000000092 75.14221719684393 24.85778280315607
112 291.0819999999949 82.18701946528122 17.812980534718776
113 298.70500000000175 80.60572471168679 19.39427528831321
114 288.6900000000023 84.58987841630712 15.410121583692884
115 283.4890000000014 84.57937697751888 15.420623022481124
116 288.30199999999604 83.87609867434546 16.123901325654543
117 296.9959999999992 81.32140163500313 18.678598364996873
118 296.26299999999173 81.58246895491207 18.417531045087927
119 282.52200000001176 84.54947579303193 15.450524206968069
120 292.3039999999892 81.57550358532983 18.424496414670173
121 295.3990000000049 82.34798695998293 17.652013040017067
122 284.5890000000072 84.40040198316646 15.59959801683354
123 294.8319999999949 81.99600789602188 18.00399210397812
124 294.5430000000051 81.60715413371351 18.392845866286493
125 267.77799999999115 90.03414022052111 9.96585977947889
126 291.099000000002 82.51527487214061 17.48472512785939
127 296.82600000000093 81.16583452930318 18.834165470696817
128 271.20100000000093 88.90017367181355 11.099826328186452
129 305.5509999999922 78.70360758106301 21.29639241893699
130 291.6140000000014 81.496598242937 18.503401757063003
131 295.8890000000101 81.39871708646473 18.60128291353527
132 281.7829999999958 86.14326627229512 13.856733727704878
133 258.497000000003 91.529642510312 8.470357489687999
134 283.7219999999943 84.93642720686256 15.063572793137439
135 288.34300000000803 84.20058402662451 15.799415973375488
136 290.6959999999963 83.21004760989767 16.78995239010233
137 276.7289999999921 87.48580380080368 12.51419619919632
138 296.9950000000099 81.11657772011375 18.883422279886247
139 292.03800000000047 82.8026078797987 17.1973921202013
140 293.2350000000006 82.32277183823659 17.67722816176341
141 281.28800000000047 85.38829953640189 14.611700463598112
142 295.75800000000163 80.4593045665479 19.5406954334521
143 285.41999999999825 85.24543479789997 14.754565202100025
144 271.59500000000116 88.77034186933851 11.229658130661491
145 290.6299999999901 83.21868699029062 16.78131300970938
146 293.90499999999884 82.17645837945777 17.82354162054223
147 290.1730000000098 83.5285915643068 16.471408435693206
148 285.66300000000047 83.8971970468517 16.1028029531483
149 288.5539999999892 84.13086978516978 15.869130214830221
150 293.60199999999895 82.71185482383568 17.28814517616432
151 275.0980000000127 88.31751230468132 11.682487695318684
152 295.2049999999872 81.93953015699077 18.06046984300923
153 273.1960000000108 89.65807332464234 10.341926675357655
154 295.38499999999476 81.72271442349037 18.277285576509627
155 298.099000000002 80.68966685571205 19.310333144287952
156 291.58899999999267 83.52907002664833 16.470929973351673
157 296.5030000000115 81.90257096891128 18.097429031088723
158 287.2039999999979 84.35730003762366 15.64269996237634
159 290.55199999999604 83.26528469955184 16.73471530044816
160 294.66300000000047 82.65029881592172 17.349701184078285
161 293.86999999999534 82.90270868073122 17.097291319268777
162 294.58600000001024 82.44303870517729 17.556961294822713
163 294.47499999999127 82.0808693437314 17.919130656268607
164 305.77999999999884 79.38518869774714 20.61481130225286
165 302.9470000000001 80.47943699724036 19.520563002759644
166 285.02900000000955 84.6351739647372 15.364826035262794
167 294.775999999998 82.01263671398246 17.98736328601754
168 287.8999999999942 84.15354637023498 15.846453629765023
169 292.5709999999963 82.1934778224118 17.806522177588207
170 288.2300000000105 83.61282656208688 16.38717343791312
171 282.9890000000014 85.10136436400471 14.89863563599529
172 282.8319999999949 85.55808748651252 14.44191251348748
173 271.4180000000051 87.83673153579143 12.16326846420857
174 287.6149999999907 84.1620569163274 15.837943083672599
175 273.2600000000093 88.35863280391177 11.641367196088225
176 288.11299999999756 83.83909438319698 16.16090561680302
177 276.8619999999937 87.50741163463755 12.492588365362451
178 269.3070000000007 90.57826198355242 9.421738016447577
179 1175.2189999999973 19.297985311678023 80.70201468832198
180 1131.4270000000106 21.478329578471396 78.5216704215286
181 1170.6979999999894 15.323884554332626 84.67611544566738
182 322.3610000000044 75.3461957246295 24.653804275370504
183 299.89100000000326 79.27437302220417 20.725626977795827
184 279.11999999999534 86.81097019211559 13.18902980788441
mean: 302.308 std: 114.241
DurationTime(%): 82.739 std: 9.175
IdleTime(%): 17.261 std: 9.175 
