11 316.52100000000064 79.73488962817427 20.265110371825727
12 281.9979999999996 92.38460201846006 7.615397981539942
13 286.50099999999657 84.40117486500893 15.598825134991074
14 335.1770000000033 81.5388287382506 18.4611712617494
15 300.7549999999974 83.26515602400623 16.73484397599377
16 296.64100000000326 94.69100360368155 5.308996396318449
17 299.4389999999985 93.8350281693386 6.1649718306614005
18 314.34799999999814 90.33924185933573 9.66075814066427
19 311.45700000000215 91.46093361203151 8.53906638796849
20 307.54299999999785 79.97739503094154 20.022604969058463
21 315.97499999999854 89.13563731307713 10.864362686922874
22 308.9340000000011 90.22294729618987 9.777052703810128
23 306.8070000000007 93.1878249192438 6.812175080756205
24 310.7190000000046 92.71976287256228 7.280237127437715
25 323.63699999999517 87.78412542447433 12.215874575525675
26 310.3270000000048 93.37251350993805 6.627486490061955
27 296.12199999999575 93.6536967871352 6.346303212864797
28 304.6779999999999 92.54326206684104 7.456737933158962
29 306.29899999999907 92.68995328094665 7.3100467190533465
30 287.50500000000466 84.07731343802642 15.922686561973578
31 291.60599999999977 91.78343381137265 8.216566188627354
32 297.7239999999947 93.83620400102016 6.163795998979836
33 283.4360000000015 86.69499992943803 13.305000070561974
34 323.11699999999837 87.69737896799154 12.30262103200846
35 317.7700000000041 90.151169084569 9.848830915430995
36 300.974000000002 94.578402121114 5.421597878886004
37 416.98799999999756 72.5555795370578 27.444420462942205
38 294.9689999999973 90.96860687055747 9.031393129442534
39 316.2669999999998 90.39565303999963 9.60434696000037
40 289.6949999999997 83.16815961613902 16.83184038386098
41 282.1710000000021 86.95789432649089 13.042105673509113
42 323.1050000000032 88.86708036086938 11.13291963913062
43 289.98099999999977 92.42223456019353 7.57776543980647
44 317.40699999999924 89.08473033045833 10.915269669541672
45 317.3640000000014 89.56391714246229 10.436082857537713
46 305.81899999999587 92.53149411906669 7.468505880933307
47 280.47299999999814 88.26298431578111 11.737015684218889
48 311.14100000000326 92.04524315342111 7.9547568465788885
49 300.7810000000027 83.61026461112687 16.389735388873135
50 302.23399999999674 90.32855337255444 9.671446627445562
51 296.17899999999645 87.77073999170429 12.22926000829571
52 305.88200000000506 93.4069314310708 6.593068568929198
53 300.3099999999977 94.69660017981147 5.303399820188531
54 265.1970000000001 93.07204455555042 6.92795544444958
55 317.0619999999981 89.28208047637376 10.717919523626236
56 418.84500000000116 70.89671596891361 29.10328403108639
57 294.2669999999998 91.48275205849808 8.517247941501921
58 304.53199999999924 90.55124584608015 9.44875415391985
59 303.01400000000285 91.99506293438876 8.004937065611244
60 348.13700000000244 81.15256924716904 18.84743075283096
61 309.79499999999825 90.48696718797939 9.513032812020612
62 286.68099999999686 90.53868934459886 9.461310655401135
63 330.1680000000051 87.63594897144223 12.364051028557768
64 322.9319999999934 88.06488982200565 11.935110177994346
65 298.8470000000016 94.91510706147369 5.084892938526309
66 303.9250000000029 92.83210660523699 7.167893394763013
67 312.6200000000026 90.58893544877958 9.41106455122042
68 294.67399999999907 93.6439251511906 6.356074848809399
69 293.4019999999946 87.61026509703218 12.389734902967817
70 312.22899999999936 77.76790112385792 22.232098876142075
71 296.737000000001 93.85422444791517 6.145775552084828
72 303.8770000000004 93.24606337432193 6.753936625678065
73 298.362000000001 95.17601102017052 4.82398897982948
74 279.63700000000244 89.77756520059815 10.222434799401853
75 430.1990000000005 64.65915308961526 35.34084691038474
76 313.67899999999645 79.43930578713704 20.560694212862956
77 311.637999999999 89.36815471797894 10.631845282021061
78 321.45700000000215 88.3419150928398 11.658084907160202
79 330.7350000000006 84.23518829273597 15.76481170726403
80 349.22499999999854 79.45252487651582 20.547475123484176
81 313.78399999999965 91.19566644570118 8.804333554298822
82 310.5149999999994 90.94941951274201 9.050580487257989
83 325.9259999999995 87.25604891907662 12.743951080923381
84 346.63200000000506 81.61133709524505 18.388662904754952
85 324.87600000000384 86.60077383369995 13.399226166300053
86 292.18099999999686 83.02803399263377 16.971966007366234
87 307.50999999999476 93.24577086923792 6.754229130762084
88 299.9170000000013 89.07100964599802 10.928990354001982
89 322.474000000002 87.7193262092467 12.280673790753298
90 297.25999999999476 82.44989571417501 17.550104285824986
91 310.9060000000027 91.20754826216431 8.792451737835691
92 303.403999999995 93.70954568827277 6.290454311727231
93 303.6900000000023 91.31091902925218 8.689080970747824
94 299.14800000000105 94.85317635417027 5.146823645829727
95 317.0060000000085 91.39117871584584 8.60882128415416
96 327.6820000000007 90.26312705609993 9.736872943900067
97 324.1409999999887 88.82802237296772 11.171977627032277
98 316.32500000001164 90.41363471112426 9.58636528887574
99 317.9259999999922 90.08592251026693 9.914077489733074
100 319.0329999999958 83.84343312448456 16.156566875515438
101 301.40800000001036 92.6941819725979 7.305818027402097
102 309.53899999998976 85.73393013480639 14.266069865193614
103 306.53399999999965 92.78945239354962 7.210547606450376
104 319.4070000000065 88.76038408676342 11.239615913236577
105 299.11500000000524 93.51760694046007 6.48239305953993
106 326.7979999999952 88.7258336954376 11.2741663045624
107 321.84799999999814 88.33424784371462 11.665752156285379
108 312.03399999999965 91.91520154854655 8.084798451453452
109 314.10599999999977 90.39204918084242 9.60795081915758
110 332.49800000000687 84.04678825133662 15.953211748663378
111 279.91300000000047 91.52267668880852 8.477323311191483
112 280.55199999999604 88.58466523141982 11.41533476858018
113 278.002999999997 92.59510868586587 7.404891314134133
114 317.43000000000757 90.73210471599069 9.267895284009313
115 318.01699999999255 90.69684953950545 9.30315046049455
116 329.7170000000042 87.44945513879479 12.55054486120521
117 315.97699999999895 90.85637245748818 9.143627542511823
118 304.38499999999476 92.04908586166144 7.950914138338561
119 298.1820000000007 95.3786915373817 4.621308462618302
120 325.06699999999546 88.74601236054609 11.25398763945391
121 305.27900000000955 85.9299067410348 14.070093258965201
122 297.88099999999395 95.0892772617312 4.910722738268802
123 309.0770000000048 91.97646541153881 8.023534588461189
124 302.58400000000256 93.95228762920974 6.047712370790265
125 302.88799999999173 94.12592113256274 5.874078867437262
126 309.64800000000105 91.04215108769563 8.957848912304371
127 307.91999999999825 90.67235320861546 9.327646791384538
128 312.4250000000029 89.8292870288963 10.170712971103697
129 309.76900000000023 92.7422918368221 7.257708163177895
130 303.59100000000035 81.53820106656494 18.461798933435063
131 303.15200000000186 93.48811817174601 6.5118818282539905
132 301.028999999995 94.72211315189337 5.2778868481066326
133 320.9600000000064 88.16407340478436 11.83592659521564
134 325.997000000003 88.13921293753432 11.860787062465675
135 303.85299999998824 93.59531747259915 6.404682527400851
136 320.71600000000035 92.4653930580172 7.534606941982801
137 324.9010000000126 87.99717452391397 12.00282547608603
138 307.52999999999884 92.30637661366411 7.6936233863358865
139 317.50199999999313 90.2713053776207 9.728694622379294
140 321.02500000000873 78.37650338756441 21.623496612435588
141 292.11699999999837 86.98890855375768 13.011091446242318
142 323.98199999998906 90.05185781925496 9.948142180745037
143 309.91500000000815 91.69906909958056 8.300930900419445
144 297.2039999999979 91.95688819801731 8.04311180198269
145 304.4959999999992 93.46642320424253 6.533576795757469
146 268.1860000000015 93.59306227767786 6.406937722322141
147 313.3509999999951 91.01718520126599 8.982814798734012
148 339.5140000000101 84.21184104340014 15.788158956599858
149 310.1229999999923 91.26306336516055 8.736936634839452
150 301.997000000003 87.17772693106552 12.822273068934479
151 271.6909999999916 91.86330426845348 8.136695731546524
152 295.69800000000396 94.43709122146974 5.562908778530257
153 306.97299999999814 94.10869034085103 5.891309659148973
154 291.69400000000314 90.47120269869568 9.528797301304323
155 444.22699999999895 73.0127502380525 26.987249761947496
156 302.10800000000745 93.5950521005669 6.404947899433097
157 291.61299999999756 84.19836221293906 15.80163778706094
158 325.10199999999895 87.0461762769825 12.953823723017507
159 300.50199999999313 94.85467318022522 5.14532681977478
160 323.6140000000014 87.48692269185261 12.513077308147388
161 298.16599999999744 88.926879657638 11.073120342362003
162 278.0890000000072 90.6984059060109 9.301594093989095
163 361.7109999999957 80.81777717570523 19.18222282429477
164 305.2520000000077 94.59682819440091 5.4031718055990865
165 348.59500000000116 81.30232504768466 18.69767495231534
166 289.8549999999959 89.67484776870727 10.325152231292734
167 322.3099999999977 87.65085476714066 12.349145232859343
168 305.8950000000041 93.15095702775096 6.849042972249038
169 282.06299999999464 89.77383066904375 10.226169330956253
170 346.3950000000041 82.02319606230039 17.976803937699614
171 312.7060000000056 91.96227446867512 8.037725531324881
172 271.89400000000023 92.27289679066917 7.727103209330835
173 315.8979999999865 93.66973833325723 6.330261666742771
174 330.1820000000007 87.1850948870585 12.814905112941503
175 294.3179999999993 91.80765022867728 8.192349771322725
176 311.33200000000943 89.81429791989419 10.185702080105813
177 329.18299999999 88.94861217012821 11.051387829871786
178 330.59000000001106 86.8131945914717 13.1868054085283
179 313.8359999999957 90.8370932588937 9.162906741106298
180 315.17699999999604 81.14263096608069 18.857369033919312
181 293.85100000000966 94.35324705378333 5.646752946216665
182 301.6579999999958 91.47955631873054 8.520443681269455
183 306.8110000000015 92.8679089080839 7.132091091916095
184 316.0659999999916 90.36327539184113 9.636724608158872
185 307.15000000000873 91.06108416084527 8.938915839154731
186 348.5749999999971 82.04482249157473 17.955177508425265
187 313.57600000000093 90.92859785185685 9.07140214814315
188 299.32799999999406 94.69444889887507 5.305551101124934
189 309.86699999999837 92.51044480374293 7.489555196257072
190 322.8500000000058 86.80615456093696 13.19384543906304
191 331.6689999999944 86.27563022169485 13.724369778305146
192 297.8570000000036 92.94205608733454 7.057943912665465
193 321.2030000000086 89.7719822043983 10.228017795601701
194 316.5679999999993 89.73879545626862 10.261204543731381
195 309.4409999999916 93.11025688257915 6.889743117420849
196 322.58200000000943 90.94105374756674 9.058946252433259
197 340.6100000000006 83.66048853528376 16.33951146471624
198 296.9679999999935 95.47852630584754 4.521473694152462
199 333.26900000000023 75.12357885071116 24.876421149288845
200 309.5240000000049 78.53976428322423 21.46023571677577
201 304.38799999999173 83.2553714338349 16.744628566165105
202 313.34300000000803 89.81044733726733 10.189552662732666
203 322.70500000000175 88.41134472658635 11.58865527341365
204 312.333999999988 90.28119897288846 9.718801027111539
205 306.0529999999999 94.29428563024244 5.705714369757558
206 341.3040000000037 83.79744157698879 16.20255842301121
207 272.695000000007 90.18647940006171 9.813520599938286
208 276.8819999999978 92.70935994392836 7.290640056071638
209 340.6229999999923 82.94639234578214 17.053607654217856
210 307.5149999999994 80.02927987251809 19.97072012748191
211 316.14400000000023 91.3553538893637 8.644646110636302
212 298.79700000000594 84.9349625331001 15.065037466899895
213 294.650999999998 89.45584776565131 10.544152234348687
214 304.96600000000035 88.4774335499749 11.522566450025096
215 297.2060000000056 95.36810158606991 4.631898413930088
216 322.3039999999892 89.60214890290959 10.39785109709041
217 294.79899999999907 95.72705470506621 4.272945294933791
218 320.59300000000803 89.86651299312197 10.133487006878028
219 303.6649999999936 94.10586995539447 5.894130044605532
220 309.21199999999953 88.70347528555446 11.296524714445539
221 315.3630000000121 91.73539381599957 8.264606184000428
222 298.2459999999992 95.59536087657136 4.4046391234286375
223 306.33499999999185 93.65444366461128 6.345556335388721
224 344.9930000000022 83.57858855106932 16.421411448930684
225 309.2890000000043 92.73645037489271 7.263549625107288
226 316.5399999999936 91.01020724078629 8.989792759213714
227 308.4349999999977 93.84471606658573 6.1552839334142675
228 308.0679999999993 92.34133373153021 7.658666268469787
229 296.64400000000023 95.28373403810816 4.7162659618918354
230 313.8709999999992 80.71517279391992 19.28482720608008
231 301.6990000000078 87.2939718063386 12.706028193661396
232 334.47099999999045 88.97455683751227 11.025443162487733
233 310.3090000000084 93.70302182661466 6.296978173385341
234 303.7250000000058 93.86286278706977 6.137137212930227
235 359.2979999999952 80.02430016309977 19.975699836900233
236 402.5880000000034 71.12711258160333 28.872887418396672
237 315.4369999999908 91.48517770583929 8.514822294160709
238 318.846000000005 89.20031614007657 10.799683859923434
239 300.44199999999546 94.85487381924175 5.145126180758254
240 283.7540000000008 87.0217195176266 12.978280482373407
241 314.07300000000396 91.1445905888085 8.855409411191502
242 298.8889999999956 87.98121376163674 12.018786238363262
243 324.5480000000098 87.32259018695515 12.677409813044846
244 273.7459999999992 91.56465847903257 8.435341520967427
245 317.70299999999406 89.8557709558936 10.144229044106396
246 292.2820000000065 86.58724451043071 13.412755489569292
247 334.4229999999952 85.8545434973101 14.145456502689896
248 292.99499999999534 84.84128056792916 15.15871943207084
249 303.60199999999895 94.99383403271204 5.006165967287956
250 306.52700000000186 79.45300087759497 20.546999122405026
251 326.44199999999546 87.5139534741359 12.486046525864097
252 311.9890000000014 91.08782681439675 8.912173185603251
253 304.0880000000034 92.80300768199623 7.196992318003765
254 284.85400000000664 91.17104902862164 8.828950971378362
255 308.83099999999104 93.2075406937798 6.792459306220195
256 304.8969999999972 94.60020269139993 5.399797308600071
257 338.1020000000135 84.11192776143602 15.888072238563979
258 305.333999999988 93.48339850787293 6.516601492127066
259 309.9690000000119 80.84642980427323 19.153570195726772
260 315.6779999999999 76.98811447107585 23.011885528924154
261 303.99199999999837 81.54205702780054 18.45794297219946
262 296.52700000000186 94.1619211741142 5.838078825885802
263 285.9289999999892 89.0995002255657 10.900499774434294
264 298.9530000000086 93.91511709198183 6.084882908018173
265 283.1100000000006 89.76668432762581 10.23331567237419
266 304.85299999998824 89.36256162806941 10.637438371930585
267 263.4800000000105 94.4190299074002 5.580970092599799
268 294.71699999998964 84.66712812630834 15.332871873691658
269 321.80800000000454 92.34149555012348 7.658504449876517
270 351.9349999999977 80.80156278858546 19.198437211414543
271 300.04499999999825 94.42209335266499 5.577906647335013
272 312.2560000000085 92.81217334494578 7.187826655054224
273 303.9170000000013 94.90664556442022 5.0933544355797835
274 303.46199999999953 93.83988440069967 6.160115599300326
275 310.9210000000021 92.39957738461125 7.6004226153887515
276 303.36999999999534 94.09855292217335 5.901447077826646
277 291.778999999995 93.34012728812938 6.659872711870619
278 321.5749999999971 90.20220788307694 9.797792116923063
279 350.7740000000049 80.93073317862171 19.069266821378292
280 291.6270000000077 90.06827214214087 9.93172785785913
281 310.4459999999963 92.43689401699645 7.5631059830035525
282 353.3329999999987 81.5978382998239 18.402161700176094
283 311.1900000000023 91.64113242714097 8.358867572859026
284 324.12600000000384 89.70616673761585 10.293833262384155
285 303.5709999999963 94.74738693748887 5.252613062511131
286 319.8289999999979 90.40290905452423 9.59709094547577
287 327.67699999999604 88.13637514991699 11.863624850083013
288 326.7459999999992 87.01515856354467 12.984841436455326
289 319.0710000000108 89.79601405328421 10.20398594671579
290 281.40499999999884 87.94088591176637 12.059114088233628
291 298.3429999999935 94.425486771937 5.574513228062997
292 313.90499999999884 92.12422229657147 7.8757777034285255
293 312.10199999999895 92.39094911279874 7.609050887201263
294 311.1990000000078 92.47176886816133 7.528231131838666
295 313.75399999998626 91.16866398517125 8.83133601482875
296 305.0240000000049 94.05427441773084 5.945725582269162
297 331.04899999999907 85.93783095555392 14.06216904444608
298 315.8770000000077 90.52985814101707 9.470141858982927
299 316.73099999999977 82.77906804194608 17.220931958053924
300 472.7280000000028 72.84322697192755 27.15677302807245
301 310.0570000000007 93.25608839667935 6.7439116033206545
302 328.7630000000063 88.12817135746673 11.871828642533274
303 316.8609999999753 91.45908773878574 8.54091226121426
304 328.56700000001 88.43887852397249 11.561121476027509
305 312.2390000000014 92.45023523646243 7.549764763537567
306 313.45800000001327 85.86532486007108 14.134675139928916
307 298.64400000000023 94.71327734694509 5.286722653054909
308 316.94899999999325 90.09803469957782 9.901965300422177
309 314.15499999999884 86.06519074983852 13.934809250161479
310 338.01699999999255 84.81537023284943 15.184629767150568
311 298.34500000000116 95.12864971761583 4.871350282384171
312 312.68299999999 91.18628451182258 8.813715488177422
313 307.45900000000256 93.40642492167821 6.593575078321791
314 328.72299999999814 88.08042637722285 11.91957362277715
315 326.127999999997 87.76288757785986 12.237112422140143
316 301.90500000002794 83.00073201834199 16.999267981658008
317 276.6039999999921 90.68295469339138 9.31704530660862
318 301.7839999999851 91.87833682368313 8.121663176316872
319 319.0240000000049 89.8306616430039 10.169338356996093
320 323.6110000000044 88.06820843541853 11.931791564581474
321 283.64000000001397 87.72895219290517 12.271047807094831
322 313.06299999999464 92.39940842578928 7.600591574210725
323 320.0099999999802 89.25952313994064 10.74047686005936
324 323.1940000000177 76.06883481746006 23.931165182539942
325 312.872000000003 92.91339589349008 7.086604106509924
326 272.82600000000093 95.34680345717942 4.653196542820581
327 314.8089999999793 91.74930831081069 8.25069168918931
328 282.3990000000049 93.6583451074481 6.341654892551901
329 284.1260000000184 86.64470692581664 13.355293074183365
330 302.90199999997276 93.43036361595544 6.569636384044557
331 330.7750000000233 86.85791852467901 13.142081475320992
332 303.4069999999774 92.49763848560242 7.5023615143975775
333 324.81700000001 89.01789623080886 10.982103769191141
334 297.9660000000149 95.0248451165539 4.975154883446095
335 302.5129999999772 93.61617847826983 6.3838215217301695
336 303.56700000001 93.1732204093102 6.826779590689796
337 318.6900000000023 89.92358718503226 10.076412814967739
338 308.5439999999944 90.57002566896153 9.429974331038466
339 315.51500000001397 86.30637212176289 13.693627878237109
340 362.11999999999534 78.34232298685848 21.657677013141523
341 310.4089999999851 93.51203734426721 6.487962655732787
342 351.20000000001164 82.44197608200416 17.55802391799584
343 323.6939999999886 87.59617416450854 12.40382583549146
344 311.41400000001886 92.92932238113907 7.070677618860927
345 297.35799999997835 95.12421727347696 4.875782726523042
346 320.38400000002 90.31019339294684 9.689806607053157
347 275.22099999999045 94.98324619127395 5.016753808726051
348 315.82300000000396 78.76929166023191 21.230708339768086
349 312.07399999999325 89.30123944962205 10.698760550377955
350 348.75400000001537 81.26174323449092 18.738256765509078
351 292.4320000000007 88.23788436288154 11.762115637118455
352 420.33499999999185 68.51439685015256 31.485603149847435
353 330.61900000000605 87.15425005820201 12.84574994179799
354 305.98199999998906 93.64635501436315 6.353644985636848
355 336.17600000000675 84.23292263576097 15.767077364239029
356 322.0339999999851 89.97934379601121 10.020656203988793
357 313.72100000001956 92.12583155091947 7.874168449080528
358 309.18699999997625 95.8513197515017 4.1486802484982945
359 334.36000000001513 91.79016927864875 8.209830721351253
360 336.79999999998836 88.42162114015362 11.578378859846381
361 330.5930000000226 91.45000650345713 8.549993496542868
362 305.7829999999958 97.39905750153932 2.6009424984606824
363 320.7019999999902 93.46705976264059 6.532940237359412
364 324.67499999998836 89.8733502733416 10.1266497266584
365 304.49400000000605 92.47750366180986 7.5224963381901375
366 338.82500000001164 85.61479819965257 14.385201800347431
367 312.1039999999921 91.0206341476134 8.979365852386593
368 303.69800000000396 95.55466285585035 4.445337144149647
369 313.8889999999956 92.2278098308506 7.772190169149397
370 350.84700000000885 80.60605905140194 19.393940948598058
371 314.6710000000021 92.04962325730313 7.950376742696875
372 322.31299999999464 89.0219910459739 10.978008954026095
373 276.247000000003 96.3571115704613 3.6428884295387007
374 304.92499999998836 94.37796835289737 5.622031647102631
375 448.61999999999534 72.75709063346382 27.242909366536182
376 304.15200000000186 93.48504695019855 6.5149530498014485
377 299.69200000001 95.31741921707906 4.682580782920937
378 313.8640000000014 92.45990301530506 7.540096984694941
379 309.7520000000077 95.409291949681 4.5907080503189945
380 293.61799999998766 86.22101506037384 13.778984939626156
381 304.195000000007 94.40446752907496 5.595532470925036
382 339.304999999993 82.89440768629227 17.10559231370773
383 318.48099999999977 93.9473155384437 6.0526844615562965
384 315.6339999999909 96.22754836297943 3.7724516370205663
385 283.6450000000186 96.57043487457712 3.429565125422883
386 302.4629999999888 99.27381530966166 0.7261846903383429
387 305.0010000000184 95.74484345952521 4.255156540474786
388 293.4779999999737 92.35972031977636 7.640279680223642
389 418.5010000000184 63.66158503798411 36.33841496201589
390 331.2489999999816 84.98336296864562 15.016637031354378
391 301.0660000000207 93.69364856874148 6.30635143125852
392 317.4229999999807 90.90987420570987 9.090125794290131
393 337.4800000000105 81.87005452174026 18.129945478259742
394 303.2410000000091 95.23764596478965 4.76235403521035
395 309.7060000000056 95.67734238277396 4.322657617226042
396 307.6959999999963 91.62783071602857 8.37216928397143
397 313.1049999999814 92.0134523562339 7.986547643766102
398 330.7600000000093 87.73759221187387 12.262407788126126
399 319.37899999998626 93.80731669899028 6.192683301009723
400 326.88200000001234 88.36951254583505 11.63048745416495
401 308.8060000000114 93.79580059975501 6.204199400244988
402 294.2369999999937 96.66776442121585 3.33223557878415
403 309.2360000000044 92.78744066022419 7.212559339775808
404 432.33699999999953 74.28675084480884 25.713249155191164
405 330.1719999999914 89.57011194166782 10.429888058332182
406 432.02900000000955 74.2519946577728 25.748005342227202
407 324.8379999999888 88.05471342640064 11.945286573599361
408 314.6030000000028 94.78138161429933 5.218618385700665
409 456.99299999998766 73.6316880127253 26.368311987274694
410 348.8640000000014 73.5604963538697 26.439503646130305
411 289.0690000000177 93.1423604744595 6.857639525540506
412 308.3959999999788 97.57095098511269 2.429049014887312
413 302.11800000001676 85.11371053693381 14.886289463066191
414 266.68700000000536 93.3070790851767 6.692920914823304
415 297.0249999999942 95.5479437757588 4.452056224241204
416 327.377999999997 87.80716480642523 12.192835193574766
417 311.0480000000098 90.67656438879054 9.323435611209462
418 322.4419999999809 90.3623721475559 9.637627852444098
419 314.27900000000955 91.59926371150809 8.400736288491913
420 335.5350000000035 85.92110808112511 14.078891918874888
421 278.2809999999881 95.52336666895089 4.476633331049115
422 310.62100000001374 95.41814622966726 4.581853770332742
423 290.72299999999814 89.7250303553635 10.2749696446365
424 313.1680000000051 95.46568295612778 4.534317043872221
425 422.1259999999893 70.10085140454552 29.899148595454477
426 316.74199999999837 93.29101603195485 6.708983968045146
427 320.27799999999115 94.42387550817647 5.576124491823535
428 288.68800000002375 91.70113756026916 8.29886243973084
429 300.49599999998463 97.03102869921706 2.9689713007829397
430 298.5340000000142 85.57106393242665 14.428936067573346
431 303.9449999999779 98.68158383917142 1.3184161608285763
432 299.3950000000186 96.22824696471112 3.7717530352888815
433 313.0329999999958 95.91155565067835 4.088444349321648
434 317.0329999999958 90.9479896414698 9.052010358530197
435 318.5309999999881 93.61080397199547 6.389196028004534
436 324.90600000001723 89.26098933228992 10.739010667710076
437 319.4759999999951 93.35220799058021 6.647792009419788
438 303.2960000000021 94.93845616163864 5.061543838361359
439 315.33300000001327 95.753717498642 4.246282501357996
440 312.6379999999772 80.62090660765581 19.37909339234419
441 296.55199999999604 96.23004734415098 3.769952655849025
442 321.40200000000186 91.98706293054616 8.01293706945384
443 303.06300000002375 95.49178223669615 4.508217763303847
444 301.73199999998906 95.1154932191555 4.884506780844504
445 320.2829999999958 94.32855943026269 5.671440569737314
446 329.66500000000815 86.46071618155979 13.539283818440211
447 281.56399999998393 94.29129079004439 5.7087092099556145
448 311.06400000001304 92.38587236068821 7.614127639311789
449 284.8099999999977 89.99879217723593 10.001207822764073
450 303.875 95.13786918965327 4.862130810346727
451 318.31700000001 94.91752561123172 5.082474388768276
452 308.8729999999923 93.9722636811863 6.0277363188136945
453 333.69899999999325 88.71136862864746 11.288631371352537
454 325.9429999999993 91.13888317894968 8.861116821050317
455 329.75599999999395 87.02005422192788 12.979945778072121
456 323.9890000000014 91.37337996041674 8.626620039583258
457 431.98500000001513 73.50228595901763 26.497714040982373
458 335.78800000000047 85.57634281149605 14.423657188503952
459 292.04199999998673 94.18539114238374 5.814608857616264
460 324.3859999999986 86.73555578848844 13.26444421151156
461 290.60899999999674 94.30715841558998 5.692841584410019
462 305.5210000000079 93.50423702463392 6.495762975366077
463 291.36999999999534 85.82271338849168 14.177286611508322
464 300.9560000000056 94.47252090008513 5.527479099914871
465 302.4890000000014 94.69644846592035 5.303551534079645
466 308.0590000000084 93.08970684185284 6.910293158147155
467 327.5679999999993 85.87874273435578 14.121257265644218
468 318.6840000000084 90.08851715177238 9.911482848227621
469 329.37099999998463 88.00529494094754 11.994705059052464
470 310.44899999999325 83.9424961909885 16.057503809011493
471 300.23099999999977 95.0685505494225 4.931449450577503
472 334.00800000000163 86.26077818496393 13.739221815036075
473 326.88400000002 89.86010021903883 10.139899780961173
474 324.8719999999739 93.52948545890311 6.47051454109689
475 307.13200000001234 93.91673287054442 6.083267129455578
476 302.16300000000047 97.60608678098133 2.393913219018671
477 316.6929999999993 91.19942973164794 8.800570268352061
478 302.1339999999909 94.75999390999854 5.240006090001458
479 452.2710000000079 71.64049872751328 28.359501272486725
480 303.3619999999937 95.56392362920224 4.436076370797764
481 332.8099999999977 76.91940146028658 23.08059853971342
482 301.58300000001327 98.79002132082584 1.2099786791741565
483 322.66300000000047 89.96921555926548 10.030784440734521
484 307.85899999999674 97.46208816373286 2.537911836267142
485 271.6600000000035 95.42368033570945 4.576319664290551
486 306.45900000000256 96.47268313213422 3.5273168678657782
487 468.44999999998254 68.94201302163849 31.057986978361512
488 311.5140000000247 96.99453315101262 3.005466848987382
489 314.64400000000023 93.5606876342802 6.4393123657198
490 279.7369999999937 91.72858792365275 8.271412076347247
491 319.86699999999837 90.38987454161752 9.610125458382484
492 306.0329999999958 94.60507200205922 5.394927997940783
493 312.0100000000093 93.66785679945224 6.332143200547762
494 326.14299999998184 90.05407750591773 9.945922494082268
495 300.2930000000051 98.33282827102333 1.667171728976669
496 303.47000000000116 90.62077964871486 9.379220351285142
497 298.6620000000112 96.30630612533658 3.693693874663424
498 287.57499999998254 92.53125967142239 7.46874032857761
499 331.0350000000035 90.3164076305972 9.683592369402803
500 308.8190000000177 81.68301496991988 18.31698503008012
501 322.69699999998556 93.11071686444171 6.889283135558287
502 318.1050000000105 91.76074252211744 8.23925747788256
503 316.14299999998184 94.71454057184653 5.285459428153473
504 297.16300000000047 95.74640517159243 4.2535948284075715
505 313.86000000001513 91.99105333587313 8.008946664126867
506 330.04099999999744 90.16374935234317 9.836250647656826
507 333.6030000000028 87.1843838334771 12.8156161665229
508 309.1449999999895 95.40182115186255 4.598178848137451
509 309.9230000000098 94.50357346824902 5.496426531750984
510 310.52599999998347 94.7148354727239 5.285164527276095
511 306.5660000000207 95.00718605454823 4.992813945451772
512 268.16699999998673 98.76637692187876 1.2336230781212407
513 314.80199999999604 93.09811246434381 6.901887535656186
514 307.34900000001653 97.7489108472906 2.2510891527093975
515 296.26600000000326 94.95488176165934 5.045118238340663
516 311.7619999999879 94.23140408388261 5.768595916117391
517 304.997000000003 89.19537569223746 10.804624307762538
518 279.65499999999884 95.2184155477056 4.781584452294396
519 343.8059999999823 88.56566203031787 11.434337969682133
520 312.2420000000275 88.40566611796966 11.594333882030341
521 304.1039999999921 95.73282824296464 4.2671717570353564
522 299.3759999999893 89.97437670356551 10.025623296434489
523 307.91700000001583 94.05514797819316 5.944852021806838
524 354.7129999999888 83.99964196406034 16.000358035939655
525 307.1719999999914 94.20486893340073 5.795131066599268
526 321.0450000000128 89.09993303120045 10.90006696879955
527 307.01900000000023 94.76829121323902 5.231708786760976
528 310.48300000000745 94.78657124544297 5.213428754557029
529 300.9059999999881 94.11151655330337 5.888483446696625
530 314.2140000000072 77.99546169172355 22.00453830827645
531 302.9860000000044 94.77536255799144 5.224637442008557
532 287.1569999999774 85.73639159067923 14.263608409320767
533 490.09900000001653 66.50825445471222 33.491745545287785
534 270.1699999999837 97.45326276047356 2.5467372395264363
535 458.3390000000072 74.18992710636655 25.810072893633446
536 320.68600000001607 90.69219111527265 9.30780888472735
537 313.23099999999977 95.30101745993902 4.698982540060982
538 310.19799999997485 92.96206616421759 7.037933835782411
539 302.887000000017 95.47922492543289 4.520775074567112
540 283.49400000000605 90.0408086238009 9.9591913761991
541 315.39299999998184 91.46527982549816 8.534720174501842
542 472.6810000000114 69.95436880266203 30.04563119733797
543 322.67799999998533 88.58286899014732 11.417131009852682
544 320.7640000000247 91.261625369431 8.738374630568998
545 349.91300000000047 83.5952279566732 16.4047720433268
546 308.70799999998417 93.97516423283861 6.024835767161392
547 305.92399999999907 93.7111439442736 6.288856055726399
548 287.997000000003 90.34463900664524 9.655360993354762
549 435.84599999999045 70.97156105597176 29.028438944028238
550 298.48300000000745 86.7370369501809 13.262963049819106
551 315.14300000001094 91.32643910861998 8.67356089138002
552 291.2819999999774 85.65623004510545 14.343769954894555
553 316.75 91.71196842936604 8.288031570633962
554 315.1280000000261 91.35561105327292 8.644388946727076
555 328.8729999999923 88.49258528370576 11.507414716294235
556 306.23499999998603 93.51806292552733 6.481937074472668
557 315.1150000000198 89.85230471417793 10.147695285822067
558 304.05099999997765 93.4133911745125 6.586608825487502
559 324.7150000000256 86.93763146143206 13.062368538567938
560 303.237999999983 87.87199163693099 12.128008363069014
561 327.45000000001164 92.29024889295557 7.709751107044426
562 318.58499999999185 91.31277053219294 8.687229467807057
563 306.4530000000086 97.78785653919331 2.2121434608066863
564 302.997000000003 82.06325145131702 17.936748548682985
565 311.5319999999774 96.8864932013751 3.113506798624897
566 297.8969999999972 95.92235571354466 4.077644286455339
567 358.40300000002026 80.37611292315741 19.623887076842593
568 316.2520000000077 90.10279776887562 9.897202231124382
569 306.24099999998 92.9595939146062 7.040406085393798
570 333.2520000000077 78.98086733163446 21.019132668365543
571 307.84599999999045 94.67873872002077 5.321261279979225
572 317.1460000000079 93.99202890782672 6.007971092173278
573 318.1130000000121 90.14245566828471 9.857544331715289
574 301.44699999998556 98.72474431658142 1.2752556834185782
575 307.93299999999 93.25815680682919 6.7418431931708085
576 299.9460000000254 99.2357991104968 0.7642008895032006
577 322.4739999999874 90.17340312708978 9.826596872910216
578 304.57199999998556 97.96779415049805 2.032205849501949
579 334.7170000000042 87.23105787874354 12.768942121256458
580 312.1460000000079 84.87340859724158 15.126591402758422
581 323.13300000000163 79.4190596441556 20.580940355844405
582 319.74199999999837 91.02059160197159 8.979408398028411
583 330.79999999998836 90.20766324063625 9.79233675936375
584 307.4660000000149 92.48476579525234 7.515234204747657
585 280.7369999999937 97.23123777772345 2.76876222227655
586 411.2510000000184 72.17369684208099 27.826303157919014
587 307.9659999999858 97.01937551550463 2.9806244844953653
588 308.81400000001304 96.6987183223192 3.301281677680805
589 297.43299999999 95.4873635407042 4.5126364592958055
590 320.0009999999893 78.26950228282695 21.73049771717305
591 324.2980000000098 88.81336918516574 11.18663081483426
592 272.38000000000466 96.24816065786877 3.751839342131234
593 298.01600000000326 98.2757838505668 1.7242161494332038
594 301.76499999998487 84.91246831142621 15.08753168857379
595 303.45900000000256 82.65519229945744 17.34480770054256
596 272.6149999999907 94.79830163420255 5.201698365797455
597 282.8410000000149 87.2871860868441 12.712813913155898
598 308.76499999998487 92.52835651712083 7.471643482879173
599 287.60599999999977 98.21005472768556 1.7899452723144407
600 316.59500000000116 92.1255705238551 7.874429476144897
601 331.7360000000044 84.94347915208814 15.056520847911855
602 326.06299999999464 90.16129704997637 9.838702950023631
603 321.7600000000093 92.32192628048594 7.67807371951406
604 295.0219999999972 95.67090250895194 4.32909749104806
605 321.19800000000396 91.25924818957635 8.740751810423646
606 307.32399999999325 93.25842108004322 6.74157891995678
607 308.47299999999814 93.51228146389255 6.487718536107451
608 317.45000000001164 91.73061899511059 8.26938100488941
609 264.92399999999907 95.20654602832505 4.79345397167495
610 335.1160000000091 82.5330303536571 17.466969646342903
611 304.87099999998463 97.70747299677195 2.292527003228045
612 275.3950000000186 91.62118411732632 8.378815882673678
613 291.125 94.17225933879536 5.827740661204643
614 302.43899999998393 94.18848759584905 5.811512404150946
615 307.3760000000184 97.42552769248269 2.5744723075173113
616 302.1499999999942 94.75858017542554 5.241419824574464
617 330.4869999999937 91.82019565066656 8.179804349333438
618 320.0679999999993 91.44902020819704 8.550979791802959
619 326.6499999999942 91.75971223020383 8.240287769796169
620 319.82200000001467 80.60422047261996 19.395779527380043
621 327.1119999999937 92.22974394093472 7.770256059065275
622 330.7049999999872 89.59618088630855 10.403819113691455
623 294.69900000002235 95.08622357047692 4.913776429523082
624 341.170999999973 89.41376904836618 10.586230951633823
625 321.9429999999993 89.47261471752014 10.527385282479855
626 311.6350000000093 95.006629550605 4.993370449395002
627 272.6030000000028 94.55375399388171 5.446246006118287
628 297.7390000000014 95.33789325553381 4.662106744466186
629 278.77900000000955 92.83022752791082 7.1697724720891785
630 373.6359999999986 78.76823700070811 21.231762999291888
631 307.79099999999744 92.51099609800498 7.489003901995019
632 281.79999999998836 95.52682044003264 4.473179559967363
633 308.9539999999979 94.22477132515759 5.77522867484241
634 316.2259999999951 95.85128041338271 4.14871958661729
635 312.820000000007 91.26197174095608 8.738028259043915
636 296.1270000000077 91.70751062885628 8.292489371143716
637 311.55799999999 92.94737416468485 7.052625835315155
638 302.08400000000256 97.72656281035556 2.27343718964444
639 313.88200000001234 92.56334546101189 7.436654538988108
640 361.1840000000084 82.50026856117675 17.499731438823247
641 335.08699999999953 90.29343722674241 9.706562773257588
642 316.57399999999325 91.62536089507223 8.374639104927766
643 329.7159999999858 88.7260551504818 11.273944849518202
644 308.0899999999965 94.67104092960838 5.328959070391619
645 343.90499999999884 83.4431281894925 16.556871810507502
646 329.4290000000037 89.71765995099943 10.282340049000567
647 317.7369999999937 92.00996736294339 7.990032637056615
648 312.97000000000116 95.62616225197606 4.373837748023945
649 307.2730000000156 94.15831849853798 5.84168150146202
650 327.7490000000107 89.69789076395898 10.30210923604102
651 311.2699999999895 93.37728338742495 6.622716612575047
652 309.6499999999942 95.84579363798748 4.154206362012516
653 309.3539999999921 95.42602649395035 4.573973506049654
654 309.3969999999972 96.81278422223679 3.187215777763214
655 324.5550000000221 89.84796105436197 10.152038945638026
656 313.9860000000044 91.83189059384873 8.168109406151274
657 321.5989999999874 90.50960357466377 9.490396425336229
658 314.1959999999963 92.68568982420695 7.314310175793054
659 314.40299999999115 95.20324869674421 4.796751303255789
660 315.56700000001 91.75614053431886 8.24385946568114
661 469.9750000000058 74.64627692961118 25.353723070388824
662 328.07600000000093 92.26369194944371 7.736308050556289
663 298.81700000001 93.15809676155716 6.841903238442839
664 304.6719999999914 95.72534725871166 4.274652741288335
665 312.9349999999977 91.63026507104408 8.369734928955921
666 297.69200000001 95.08820861829702 4.911791381702983
667 285.65299999999115 86.772440688501 13.227559311498993
668 304.72299999999814 94.66897477381666 5.331025226183343
669 318.10699999998906 91.74384719607382 8.256152803926184
670 273.02900000000955 97.05554355030912 2.9444564496908754
671 314.3299999999872 91.82654853183256 8.173451468167443
672 315.00600000002305 96.18291715077574 3.8170828492242634
673 455.66499999997905 72.68712321554666 27.312876784453337
674 324.1810000000114 92.1658394538732 7.834160546126796
675 301.32600000000093 95.53930294763937 4.460697052360629
676 318.6900000000023 94.15999874485705 5.840001255142951
677 364.66300000000047 79.55573776334411 20.444262236655888
678 289.0339999999851 93.93663375244516 6.063366247554839
679 323.05100000000675 90.0333786306089 9.966621369391106
680 317.02999999999884 89.94152603855102 10.058473961448982
681 339.1790000000037 87.21648451111336 12.783515488886636
682 266.84700000000885 95.53115830417914 4.468841695820856
683 300.53999999997905 94.25285486126437 5.7471451387356325
684 307.38100000002305 92.50298164165757 7.49701835834243
685 302.25 95.35337303555578 4.6466269644442235
686 267.0919999999751 93.60495634461893 6.395043655381073
687 303.54100000002654 93.78191414007414 6.218085859925864
688 324.40399999998044 91.47465814233044 8.52534185766956
689 339.28800000000047 84.63871696020686 15.361283039793136
690 336.4979999999923 88.08158740914571 11.918412590854288
691 304.7130000000179 85.90407695108357 14.095923048916433
692 322.33499999999185 88.81072176461872 11.18927823538128
693 285.5430000000051 92.93550183333888 7.064498166661124
694 297.4059999999881 95.67197366566393 4.328026334336073
695 330.1570000000065 87.65888955862917 12.34111044137083
696 406.27799999999115 61.88973559978266 38.11026440021734
697 276.3070000000007 96.58556967432675 3.4144303256732513
698 301.1940000000177 95.30734343978169 4.69265656021831
699 329.17799999998533 86.26424305390223 13.735756946097766
700 337.4440000000177 84.28383079857956 15.716169201420442
701 306.16699999998673 95.03881541770657 4.961184582293427
702 289.3429999999935 94.82051751728962 5.179482482710384
703 307.98099999999977 95.4115123984801 4.588487601519901
704 281.6700000000128 92.89393616644371 7.106063833556291
705 306.8990000000049 94.46109306320972 5.5389069367902835
706 294.99599999998463 85.75422039622745 14.245779603772547
707 275.82300000000396 94.33297078201694 5.667029217983057
708 439.9070000000065 71.53111680422766 28.468883195772335
709 302.4400000000023 96.74409800290678 3.2559019970932184
710 324.6030000000028 88.75733742451496 11.242662575485042
711 320.6720000000205 90.64445601737661 9.355543982623388
712 308.13999999995576 93.59356136821867 6.406438631781327
713 321.6900000000023 89.40599023911483 10.594009760885172
714 305.0219999999972 93.76052547028681 6.239474529713192
715 288.4220000000205 94.21277156388342 5.787228436116578
716 306.17800000001444 81.30882689153371 18.691173108466288
717 304.7249999999767 94.41645417996321 5.58354582003679
718 321.99599999998463 87.79409371551729 12.205906284482708
719 307.0590000000084 93.4283183362201 6.5716816637798985
720 326.8180000000284 87.98270903071841 12.01729096928159
721 309.44799999997485 97.2750122799213 2.724987720078701
722 318.9409999999916 91.05846222341175 8.941537776588248
723 330.4290000000037 91.36593337755295 8.634066622447051
724 329.16700000001583 88.61482469383807 11.385175306161926
725 306.24400000000605 98.40029192413814 1.5997080758618551
726 338.90399999998044 83.94932783324998 16.05067216675002
727 321.28000000002794 90.20177726598067 9.798222734019333
728 309.5899999999674 96.1708905326508 3.8291094673491983
729 315.2760000000126 91.62075451352378 8.379245486476222
730 302.8279999999795 88.86918977107824 11.13081022892176
731 309.8760000000475 93.06138261749429 6.938617382505711
732 322.5009999999893 94.18183509503723 5.818164904962771
733 315.36699999996927 92.55423046801899 7.445769531981014
734 321.00800000003073 94.0330521357086 5.966947864291399
735 321.13000000000466 91.35421791797452 8.645782082025477
736 273.58600000001024 97.23608664190152 2.7639133580984776
737 480.61899999994785 68.53689720961722 31.463102790382777
738 304.33600000001024 95.36037471740254 4.639625282597464
739 324.4569999999949 88.57201108313053 11.427988916869467
740 310.7939999999944 83.7306576059817 16.269342394018295
741 306.64200000005076 95.84929983499732 4.150700165002675
742 297.920999999973 95.4360719787539 4.563928021246099
743 295.0349999999744 94.53230294707862 5.46769705292138
744 327.18700000003446 84.53729212961196 15.462707870388044
745 332.78899999998976 88.3922004633618 11.607799536638197
746 323.45000000001164 93.33020559590253 6.669794404097473
747 316.5430000000051 90.40966630131582 9.590333698684177
748 317.4199999999837 91.94907063193938 8.050929368060622
749 297.9230000000098 95.08958019355141 4.910419806448587
750 323.51699999999255 88.82986365476113 11.170136345238873
751 320.0900000000256 89.81821675158776 10.181783248412245
752 299.85899999999674 94.36151991438186 5.638480085618141
753 316.65399999998044 91.59629437808395 8.403705621916046
754 331.71199999999953 87.75353017077843 12.246469829221567
755 325.7170000000042 92.32906173143675 7.670938268563248
756 311.8099999999977 92.58997787120664 7.410022128793358
757 371.8520000000135 81.24233028193603 18.757669718063966
758 322.3640000000014 94.60857601968705 5.3914239803129504
759 321.7699999999604 88.99629238276856 11.003707617231441
760 488.8429999999935 69.20895461322564 30.791045386774357
761 281.66500000003725 99.18077858444238 0.819221415557621
762 324.5079999999725 92.19039284087422 7.809607159125775
763 300.74700000003213 82.59434341817865 17.405656581821347
764 279.5989999999874 95.05175268870467 4.948247311295333
765 454.3960000000079 72.21327652528424 27.786723474715757
766 335.08499999996275 90.98096005488344 9.01903994511656
767 314.65400000003865 93.90916689442028 6.090833105579719
768 327.5100000000093 88.8281121187234 11.171887881276604
769 306.6030000000028 95.19426750545911 4.805732494540891
770 361.10899999999674 81.05408893154825 18.94591106845175
771 284.01899999997113 94.39421306324031 5.605786936759685
772 323.77899999998044 94.13981759162223 5.860182408377767
773 320.5480000000098 90.41112095533589 9.588879044664111
774 412.0439999999944 72.29390793220173 27.706092067798266
775 289.60600000002887 89.47677879602138 10.523221203978622
776 317.7299999999814 92.15308280613823 7.846917193861771
777 326.7970000000205 93.46443510804329 6.53556489195671
778 299.75900000002 95.43610700597381 4.56389299402619
779 321.2039999999688 94.12208440749758 5.8779155925024185
780 297.75500000000466 85.1837047236909 14.816295276309106
781 300.84399999998277 97.83628392128122 2.163716078718778
782 291.79100000002654 86.77597321370038 13.224026786299618
783 319.81099999998696 94.40084612480813 5.599153875191874
784 316.07600000000093 92.87585897066896 7.124141029331042
785 308.8400000000256 98.15157686825309 1.8484231317469124
786 310.16599999996834 81.73546745940018 18.264532540599816
787 301.71199999999953 97.85844447687232 2.1415555231276784
788 339.0140000000247 86.37945630568252 13.620543694317476
789 305.2699999999604 84.98104301103233 15.018956988967673
790 328.99500000005355 77.67277010290708 22.32722989709292
791 305.3759999999893 95.07329325163725 4.926706748362747
792 275.6579999999958 94.60412902949291 5.39587097050709
793 304.9749999999767 91.70824821703167 8.291751782968333
794 279.4519999999902 93.75907132530476 6.24092867469524
795 358.65400000003865 85.69028924811678 14.309710751883216
796 297.0009999999893 85.55864795066385 14.441352049336146
797 325.7029999999795 76.38359794051172 23.61640205948828
798 282.02700000000186 93.81033021660625 6.189669783393754
799 300.6170000000275 94.35899167385111 5.641008326148892
800 355.67499999998836 80.20737189849272 19.792628101507276
801 295.37900000001537 96.69964350884588 3.300356491154119
802 316.8499999999767 92.75109357742068 7.248906422579324
803 312.920999999973 93.48881027482005 6.511189725179946
804 332.9000000000233 91.87118954639713 8.128810453602867
805 310.4639999999781 93.14239976290278 6.857600237097216
806 276.47300000005635 98.57226926308196 1.4277307369180363
807 303.429999999993 92.13569851360297 7.864301486397025
808 496.3519999999553 69.602417236162 30.397582763838003
809 307.20000000001164 97.05976562491114 2.9402343750888633
810 309.2019999999902 81.70890227103298 18.291097728967017
811 326.4920000000275 87.53959974517235 12.460400254827647
812 305.0360000000219 98.07662374280572 1.9233762571942776
813 276.97199999995064 95.89814132837667 4.101858671623333
814 440.9180000000051 72.07882191243377 27.921178087566233
815 310.14100000000326 97.67031446984895 2.3296855301510533
816 317.4079999999958 91.4282217210087 8.571778278991303
817 320.3099999999977 93.76203989884519 6.237960101154812
818 314.13200000004144 93.8266588567798 6.173341143220199
819 319.5199999999604 94.04668565355948 5.953314346440521
820 281.7970000000205 88.10489110949806 11.895108890501945
821 309.4859999999753 97.75750114705816 2.2424988529418357
822 307.8170000000391 82.60460598339881 17.395394016601188
823 316.8869999999879 95.4476075067631 4.552392493236894
824 282.09399999998277 94.31448027963295 5.685519720367054
825 329.7370000000228 91.12043537725712 8.879564622742876
826 289.1469999999972 88.82117400494917 11.178825995050829
827 317.8859999999986 82.963669365693 17.036330634307006
828 305.42800000001444 94.686901659317 5.313098340682998
829 313.5419999999576 96.46344030467966 3.536559695320335
830 316.6150000000489 90.01109865289567 9.988901347104331
831 318.341999999946 94.40116604160154 5.598833958398458
832 268.76800000004005 93.410510179736 6.589489820264006
833 309.554999999993 97.57645006541897 2.4235499345810325
834 302.38199999998324 85.09989681930045 14.900103180699546
835 446.85700000001816 74.11333603367622 25.88666396632378
836 292.7359999999753 94.34854271426832 5.651457285731681
837 440.68600000004517 73.94785402751762 26.05214597248238
838 323.40299999999115 89.87253055795192 10.127469442048081
839 314.0129999999772 92.76084748089194 7.23915251910806
840 285.95900000003166 95.24576600141428 4.754233998585718
841 287.50699999998324 91.99579140679556 8.004208593204439
842 274.6809999999823 93.79367338840424 6.206326611595756
843 321.3379999999888 91.78568361040821 8.214316389591787
844 325.954000000027 89.87666051034468 10.123339489655322
845 302.94899999996414 98.56109444167177 1.43890555832823
846 312.63100000005215 92.11888136493309 7.881118635066912
847 311.43699999997625 97.74827011559381 2.2517298844061884
848 315.0329999999958 93.21924687252759 6.780753127472408
849 318.7150000000256 93.8140031062136 6.185996893786395
850 277.475999999966 89.1148531765916 10.885146823408405
851 302.40299999999115 95.87452505433382 4.125474945666184
852 304.1270000000368 93.89996942060299 6.100030579397014
853 313.1389999999665 95.1865305822566 4.813469417743406
854 315.7870000000112 92.0493782201283 7.950621779871696
855 291.7629999999772 96.42889262861374 3.5711073713862618
856 307.1010000000242 94.87598542498101 5.12401457501899
857 304.57600000000093 91.02332751102425 8.976672488975751
858 349.9099999999744 82.26510817066556 17.734891829334444
859 268.27900000003865 98.5844438065719 1.4155561934281025
860 291.1829999999609 89.61078084919912 10.389219150800884
861 319.73300000000745 92.51309373758507 7.486906262414934
862 272.2360000000335 92.11685816716681 7.883141832833189
863 298.2949999999837 96.59237332167854 3.4076266783214635
864 312.66399999998976 93.33286851061612 6.667131489383877
865 282.73399999999674 89.84138448155181 10.158615518448187
866 300.1620000000112 94.58291522574659 5.417084774253411
867 300.76600000000326 94.66442683021452 5.3355731697854765
868 279.3630000000121 90.06810493876971 9.931895061230293
869 299.51600000000326 96.02413226671796 3.975867733282044
870 326.53800000000047 90.3754662551102 9.624533744889803
871 286.2710000000079 96.91668034828454 3.083319651715456
872 317.179999999993 96.02433003344308 3.9756699665569215
873 292.96199999999953 88.21525999962758 11.784740000372423
874 307.73099999997066 96.84207635892926 3.157923641070738
875 325.64000000001397 88.74140461863217 11.258595381367826
876 288.46000000002095 86.6343063162451 13.365693683754898
877 284.0889999999781 90.66871297376825 9.331287026231749
878 332.99300000001676 90.24084590362106 9.759154096378936
879 410.16499999997905 72.18414784293962 27.815852157060377
880 360.82199999998556 82.29635388087605 17.703646119123945
881 312.75599999999395 96.46259384314133 3.5374061568586654
882 304.48400000005495 97.67405183851949 2.325948161480511
883 314.25599999999395 96.37542958602761 3.6245704139723927
884 317.1680000000051 90.71461496745079 9.285385032549215
885 420.6239999999525 68.10010603294357 31.89989396705643
886 304.84799999999814 97.70747060832313 2.292529391676865
887 322.570000000007 94.09067179219215 5.909328207807846
888 296.344000000041 95.67621075503905 4.323789244960949
889 307.1949999999488 97.54946857859404 2.4505314214059553
890 313.7970000000205 78.4050198058203 21.594980194179698
891 311.6730000000098 97.12245205711824 2.877547942881762
892 312.23200000001816 93.95879025852854 6.041209741471462
893 296.7359999999753 90.74693667102778 9.253063328972218
894 318.3620000000228 88.71814161237533 11.281858387624666
895 368.0109999999986 80.58878674824709 19.411213251752912
896 312.15299999999115 92.83579526705944 7.164204732940561
897 441.43599999998696 73.84798928950656 26.152010710493443
898 331.0119999999879 90.393937379928 9.606062620071995
899 303.78800000000047 98.49540798189142 1.504592018108582
900 323.88000000000466 90.5262628133692 9.4737371866308
901 311.0229999999865 97.38775588944462 2.6122441105553804
902 329.7630000000354 89.31546292337536 10.684537076624636
903 346.2699999999604 84.36180726027546 15.638192739724545
904 302.9180000000051 95.01227064747926 4.987729352520745
905 273.4780000000028 91.53123103136878 8.468768968631224
906 272.1390000000247 93.13270056845418 6.867299431545817
907 301.2820000000065 90.21611978146609 9.783880218533909
908 314.87099999998463 90.91134782192344 9.088652178076558
909 304.2170000000042 98.3478142246345 1.6521857753654956
910 311.43800000002375 78.65106056422593 21.34893943577407
911 315.16199999995297 95.11429042849102 4.885709571508983
912 348.37900000001537 83.18689128791902 16.813108712080975
913 301.46000000002095 93.82740993833096 6.172590061669041
914 312.6900000000023 95.55093862931426 4.44906137068574
915 319.0480000000098 93.19346305256758 6.80653694743242
916 333.0879999999888 89.52168496011845 10.47831503988155
917 307.95100000000093 90.6515322242745 9.348467775725496
918 312.2829999999958 97.09588738413663 2.9041126158633688
919 318.76500000001397 85.7675999560733 14.232400043926702
920 330.19899999996414 88.02767422071915 11.972325779280851
921 315.5709999999963 90.83743753385721 9.162562466142788
922 303.3330000000424 95.7091348452011 4.290865154798894
923 318.0779999999795 91.20745854790484 8.792541452095165
924 313.23499999998603 93.17409931840743 6.825900681592572
925 292.2289999999921 90.21178938433323 9.78821061566677
926 313.7150000000256 94.92191638910808 5.078083610891923
927 308.59599999996135 80.63434069137837 19.36565930862163
928 323.42600000003586 76.48406745281667 23.515932547183326
929 309.26500000001397 94.84873490376891 5.151265096231086
930 330.96199999999953 80.06635504981983 19.933644950180167
931 296.29099999996834 88.58689261571207 11.413107384287926
932 331.75699999998324 89.64856204994491 10.351437950055086
933 297.5890000000363 94.94884891574652 5.051151084253476
934 303.90399999998044 90.73304398759608 9.266956012403924
935 304.70000000001164 88.58032162784284 11.419678372157165
936 328.94699999998556 85.64792504570978 14.352074954290217
937 312.0130000000354 95.02647646085562 4.973523539144381
938 360.0789999999688 78.98507827449683 21.01492172550317
939 304.99400000000605 96.44933342948619 3.550666570513812
940 346.63300000003073 86.13063961020619 13.869360389793812
941 310.4639999999781 95.97970457122956 4.020295428770439
942 309.66700000001583 98.08454565718877 1.9154543428112305
943 302.7930000000051 95.85523773668169 4.144762263318313
944 307.25499999994645 97.81881499076917 2.1811850092308305
945 332.2960000000312 85.62374208537628 14.376257914623721
946 313.84399999998277 94.63191904256388 5.368080957436121
947 325.5200000000186 80.60807630871129 19.39192369128871
948 304.91700000001583 93.53591633133226 6.46408366866774
949 308.40499999996973 93.46937954974128 6.5306204502587235
950 299.31099999998696 84.13268473266683 15.867315267333169
951 300.1350000000093 94.30862112054456 5.691378879455442
952 296.1020000000135 95.5185240221627 4.481475977837306
953 300.8640000000014 95.66595538186141 4.334044618138591
954 298.10700000001816 95.09261439683976 4.907385603160236
955 385.91399999998976 72.98887316866181 27.01112683133819
956 315.7490000000107 86.90270436323321 13.097295636766788
957 319.58699999999953 94.61320704536719 5.38679295463281
958 321.57399999996414 90.71170554835336 9.288294451646635
959 326.429999999993 79.05696780322367 20.94303219677633
960 313.2260000000242 82.00642666959753 17.99357333040247
961 299.40299999999115 94.72570415127154 5.274295848728457
962 322.9309999999823 89.28945811952875 10.710541880471254
963 293.83600000001024 94.1409153405371 5.859084659462894
964 300.82199999998556 89.31623352018896 10.683766479811041
965 308.1240000000107 93.67610767093915 6.323892329060854
966 468.04100000002654 71.19982223779643 28.800177762203575
967 343.77999999996973 84.9836377915701 15.016362208429896
968 281.77700000000186 92.98807567687058 7.011924323129421
969 331.0659999999916 90.58042807177475 9.419571928225253
970 315.08800000004703 90.7744312699965 9.225568730003502
971 309.03699999995297 93.42110815211733 6.578891847882673
972 303.43800000002375 95.76172068098376 4.238279319016243
973 307.47299999999814 94.47544011994155 5.5245598800584474
974 279.35700000001816 91.48354256376547 8.516457436234532
975 309.4329999999609 92.62510462692 7.374895373079994
976 300.0710000000545 94.84473341309761 5.1552665869023855
977 268.5539999999455 97.63646045115104 2.363539548848962
978 266.06300000002375 97.9208570902673 2.0791429097326954
979 301.51699999999255 95.7810206388981 4.218979361101901
980 335.2700000000186 87.34616279414684 12.653837205853165
981 299.42399999999907 95.27749612589045 4.722503874109549
982 316.95799999998417 91.80388568837787 8.196114311622125
983 279.9550000000163 88.00666178492588 11.993338215074118
984 326.62900000001537 88.69135930978524 11.308640690214759
985 300.9459999999963 94.57210595928741 5.427894040712587
986 327.3609999999753 87.5331606392227 12.4668393607773
987 303.26699999999255 84.95478241952921 15.04521758047079
988 319.34799999999814 88.62363002115417 11.37636997884583
989 311.49300000001676 95.00238528634408 4.997614713655921
990 337.08299999998417 74.86620802596484 25.133791974035162
991 305.04999999998836 85.31434518931684 14.685654810683161
992 303.3160000000498 94.27762135860137 5.722378641398635
993 314.4659999999567 95.87102898245845 4.128971017541545
994 329.3330000000424 89.04133506207822 10.958664937921782
995 357.7129999999888 84.23006152981037 15.76993847018963
996 308.09399999998277 92.75568495327798 7.244315046722022
997 330.01900000002934 90.35753699031274 9.642463009687262
998 313.4679999999935 95.27630571541309 4.723694284586912
999 293.60800000000745 85.27665118117834 14.723348818821663
1000 290.8609999999753 91.00738840890178 8.992611591098225
1001 304.89000000001397 93.93569812059694 6.064301879403061
1002 316.16499999997905 94.2234750842363 5.7765249157637015
1003 313.9110000000219 94.02913564674776 5.970864353252239
1004 289.8079999999609 95.33244768944297 4.667552310557028
1005 292.7170000000042 89.91427897938603 10.085721020613974
1006 316.5370000000112 91.67970253082342 8.32029746917658
1007 308.5360000000219 94.5016270386948 5.4983729613051935
1008 344.3489999999874 87.2502199802973 12.749780019702698
1009 303.79100000002654 94.9168342709303 5.083165729069705
mean: 315.525 std: 30.804
DurationTime(%): 90.161 std: 5.976
IdleTime(%): 9.839 std: 5.976 
