11 0.09100000000034925 47.505494505312186 52.494505494687814
12 0.09900000000016007 42.64646464639569 57.35353535360431
13 0.08899999999994179 47.88764044946953 52.11235955053047
14 0.10800000000017462 38.425925925863794 61.574074074136206
15 0.11900000000059663 35.98319327713052 64.01680672286949
16 42074.179 10.649470165537874 89.35052983446212
17 0.08400000000256114 46.80952380809659 53.19047619190341
18 0.08499999999912689 45.6470588239983 54.3529411760017
19 0.08400000000256114 47.04761904618458 52.95238095381542
20 0.07799999999406282 48.82051282422893 51.17948717577107
21 0.08400000000256114 45.55952380813471 54.44047619186529
22 0.08499999999912689 45.72941176517561 54.27058823482439
23 0.08400000000256114 46.13095237954586 53.86904762045414
24 31520.946000000004 11.360432107589663 88.63956789241034
25 0.08599999999569263 46.36046511860107 53.63953488139893
26 0.08400000000256114 45.52380952242151 54.47619047757849
27 0.08199999999487773 47.8048780517667 52.1951219482333
28 0.08199999999487773 47.73170732005481 52.26829267994519
29 0.08400000000256114 46.17857142716346 53.82142857283654
30 0.08200000000942964 47.40243901893918 52.59756098106082
31 0.08599999999569263 44.54651163013811 55.45348836986189
32 31597.774999999994 11.166594071892726 88.83340592810727
33 0.08600000001024455 46.18604650612611 53.81395349387389
34 0.08599999999569263 45.395348839482956 54.604651160517044
35 0.08100000000558794 47.185185181930024 52.814814818069976
36 0.08299999999871943 47.04819277181022 52.95180722818978
37 0.08399999998800922 45.98809524465992 54.01190475534008
38 0.08000000000174623 47.76249999895744 52.23750000104256
39 0.08500000000640284 45.3411764671728 54.6588235328272
40 36064.51699999999 11.19795911865394 88.80204088134606
41 0.08499999999185093 46.23529412207971 53.76470587792029
42 0.08600000001024455 44.965116273713406 55.034883726286594
43 0.08499999999185093 46.200000004429256 53.799999995570744
44 0.08000000001629815 47.7874999902644 52.2125000097356
45 0.08299999998416752 46.7108433824042 53.2891566175958
46 0.08200000002398156 46.91463413262091 53.08536586737909
47 0.08499999999185093 45.36470588670212 54.63529411329788
48 31607.464000000007 11.384216557203066 88.61578344279694
49 0.08599999998114072 46.51162791717646 53.48837208282354
50 0.08500000002095476 44.91764704775014 55.08235295224986
51 0.08499999999185093 46.23529412207971 53.76470587792029
52 0.07999999998719431 48.60000000777946 51.39999999222054
53 0.08300000001327135 45.963855414337324 54.036144585662676
54 0.08199999999487773 47.84146341762265 52.15853658237735
55 0.09799999999813735 39.47959183748507 60.52040816251493
56 31609.992999999988 11.452059132059919 88.54794086794008
57 0.08699999999953434 45.275862069207854 54.724137930792146
58 0.08699999999953434 43.21839080482903 56.78160919517097
59 0.08400000000256114 47.41666666522095 52.58333333477905
60 0.08100000000558794 47.925925922619676 52.074074077380324
61 0.08300000001327135 47.108433727407316 52.891566272592684
62 0.07899999999790452 49.01265822914816 50.98734177085184
63 0.08900000000721775 43.62921347960781 56.37078652039219
64 31602.131999999983 11.248387608785388 88.7516123912146
65 0.08499999999185093 47.141176475107734 52.858823524892266
66 0.08500000002095476 45.32941175353098 54.67058824646902
67 0.08199999999487773 47.34146341759141 52.65853658240859
68 0.08199999999487773 47.548780490775094 52.451219509224906
69 0.08300000001327135 46.385542161257845 53.614457838742155
70 0.08299999998416752 46.65060241853728 53.34939758146272
71 0.08600000001024455 44.58139534352655 55.41860465647345
72 31561.984999999986 11.457313600522916 88.54268639947708
73 0.09000000002561137 44.15555554299017 55.84444445700983
74 0.08600000001024455 44.988372087664125 55.011627912335875
75 0.08299999998416752 48.09638555134319 51.90361444865681
76 0.08000000001629815 48.92499999003267 51.07500000996733
77 0.08799999998882413 44.52272727838159 55.47727272161841
78 0.08199999999487773 47.57317073467906 52.42682926532094
79 0.0849999999627471 45.10588237270971 54.89411762729029
80 31577.24000000005 11.579216232957643 88.42078376704235
81 0.08599999995203689 46.17441863040312 53.82558136959688
82 0.08600000001024455 45.430232552727766 54.569767447272234
83 0.08500000002095476 45.81176469458854 54.18823530541146
84 0.08100000000558794 48.03703703372311 51.96296296627689
85 0.08199999999487773 46.51219512485669 53.48780487514331
86 0.08299999998416752 46.69879518963082 53.30120481036918
87 0.08500000002095476 45.8470588122269 54.1529411877731
88 31574.61699999997 11.390535505149609 88.60946449485039
89 0.08699999999953434 46.241379310592336 53.758620689407664
90 0.08500000002095476 45.97647057690088 54.02352942309912
91 0.08100000000558794 48.543209873194364 51.456790126805636
92 0.08500000002095476 45.4470588123255 54.5529411876745
93 0.0849999999627471 45.31764707868487 54.68235292131513
94 0.07800000003771856 49.85897433486399 50.14102566513601
95 0.08699999999953434 44.90804597725187 55.09195402274813
96 36037.44499999995 11.268084571478376 88.73191542852163
97 0.08900000003632158 44.48314604926182 55.51685395073818
98 0.0849999999627471 46.49411766743577 53.50588233256423
99 0.08100000000558794 48.76543209540126 51.23456790459874
100 0.08199999999487773 47.69512195419887 52.30487804580113
101 0.09600000001955777 40.84374999167903 59.15625000832097
102 0.07900000002700835 49.303797451498546 50.696202548501454
103 0.08599999995203689 45.61627909520812 54.38372090479188
104 31612.13500000001 11.41557063450475 88.58442936549525
105 0.09000000002561137 43.655555543132465 56.344444456867535
106 0.08600000001024455 44.686046506304784 55.313953493695216
107 0.0839999999734573 46.73809525286375 53.26190474713625
108 0.08299999998416752 46.409638563069635 53.590361436930365
109 0.08199999999487773 47.0243902468399 52.9756097531601
110 0.08100000000558794 47.61728394733232 52.38271605266768
111 0.08699999999953434 45.24137931058698 54.75862068941302
112 31623.063000000024 11.427336181823998 88.572663818176
113 0.08899999997811392 44.41573034800096 55.58426965199904
114 0.08600000001024455 45.60465115735815 54.39534884264185
115 0.08699999999953434 44.93103448299911 55.06896551700089
116 0.08000000001629815 48.88749999004031 51.11250000995969
117 0.08500000002095476 45.752941165191274 54.247058834808726
118 0.08299999998416752 46.674698804084045 53.325301195915955
119 0.08699999999953434 44.25287356345525 55.74712643654475
mean: 3945.612 std: 10773.386
DurationTime(%): 41.901 std: 11.432
IdleTime(%): 58.099 std: 11.432 
