11 405.21199999999953 65.5559484911444 34.444051508855594
12 417.86999999999534 64.74988393519556 35.250116064804445
13 393.9600000000064 67.9512031678005 32.0487968321995
14 375.09999999999127 71.24922420689937 28.75077579310063
15 421.02500000000873 64.24978564216742 35.750214357832576
16 396.7540000000008 67.05988597469288 32.940114025307125
17 394.1649999999936 67.612474471342 32.387525528658
18 398.21199999999953 67.16312918746573 32.83687081253427
19 377.4640000000072 73.08449017657962 26.91550982342038
20 447.3070000000007 60.03695448537061 39.96304551462939
21 414.4829999999929 64.50746592740951 35.49253407259049
22 432.16599999999744 62.2022232197868 37.7977767802132
23 386.6140000000014 69.36752678385572 30.632473216144277
24 407.04899999999907 67.17703765394705 32.82296234605295
25 395.41300000000047 67.23791327038803 32.762086729611966
26 385.2060000000056 70.1246813393252 29.875318660674793
27 424.2189999999973 64.09545777062753 35.90454222937247
28 388.6990000000078 69.33723781125643 30.66276218874357
29 415.4539999999979 64.67677769381423 35.32322230618577
30 381.4719999999943 70.97500471854046 29.02499528145954
31 401.7670000000071 66.31436628693386 33.68563371306614
32 404.82399999999325 66.54802580874576 33.45197419125424
33 381.7569999999978 70.54588913889964 29.45411086110036
34 393.7820000000065 67.86922205688364 32.13077794311636
35 418.0540000000037 64.65819009027149 35.34180990972851
36 391.61999999999534 68.93956896990844 31.060431030091564
37 406.63799999999173 66.46327691950886 33.53672308049114
38 410.11200000000827 66.31469452247532 33.68530547752468
39 406.554999999993 66.49436361618221 33.50563638381779
40 385.01900000000023 69.13067407061416 30.869325929385838
41 440.47299999999814 61.05692743933958 38.94307256066042
42 413.8640000000014 66.52545522200639 33.474544777993614
43 427.13700000000244 64.65350227213425 35.34649772786575
44 402.01200000000244 66.87175258453536 33.12824741546464
45 405.30899999999383 66.67561539469004 33.32438460530996
46 400.52300000000105 66.28368907652037 33.716310923479625
47 400.3880000000063 67.89908288960268 32.10091711039732
48 402.6560000000027 65.45748728442737 34.54251271557263
49 455.24199999999837 58.695594870415526 41.304405129584474
50 418.94800000000396 62.97139740494205 37.02860259505795
51 397.61799999998766 67.68127448956821 32.31872551043179
52 385.0940000000119 71.13669389810173 28.863306101898274
53 421.7259999999951 64.2593816838062 35.7406183161938
54 425.96199999999953 63.391067747797756 36.608932252202244
55 409.09500000000116 66.40243464231766 33.59756535768234
56 404.9189999999944 67.34262408034638 32.65737591965362
57 385.1140000000014 69.40044765963013 30.59955234036987
58 436.6380000000063 61.79490332950554 38.20509667049446
59 392.0679999999993 68.80796188417206 31.19203811582794
60 402.51600000000326 67.19628039632784 32.803719603672164
61 427.96600000000035 63.23985316592028 36.76014683407972
62 403.7350000000006 65.74874608349931 34.25125391650069
63 384.4609999999957 69.92615635917882 30.07384364082118
64 402.6079999999929 67.6919385605818 32.308061439418196
65 416.8020000000106 65.36957356251844 34.63042643748156
66 401.458999999988 67.64357256903382 32.35642743096618
67 403.9850000000006 67.12258870998467 32.87741129001533
68 397.9820000000036 66.93516792217778 33.06483207782222
69 389.80199999999604 70.50117239005995 29.49882760994005
70 396.2800000000134 68.3906076511207 31.609392348879297
71 453.07799999999406 59.69458238976502 40.30541761023498
72 437.39599999999336 61.25969601916081 38.74030398083919
73 402.82300000000396 66.33600613666763 33.663993863332365
74 426.622000000003 63.92315914322928 36.07684085677072
75 404.7609999999986 66.29175488745814 33.70824511254186
76 394.0969999999943 68.85725341729596 31.142746582704035
77 441.7360000000044 61.59609812193065 38.40390187806935
78 409.88099999999395 65.78813118925277 34.211868810747234
79 396.79000000000815 67.85192923216437 32.148070767835634
80 443.4689999999973 61.72947376254098 38.27052623745902
81 394.5850000000064 68.96061431626812 31.03938568373188
82 434.0199999999895 62.061626192327545 37.938373807672455
83 392.48700000000827 69.35583853730613 30.644161462693873
84 376.49199999999837 72.29803289309261 27.70196710690739
85 415.16300000000047 64.10251876970956 35.89748123029044
86 408.7939999999944 65.53630679509556 34.463693204904445
87 439.9689999999973 62.05797908489809 37.94202091510191
88 409.5130000000063 66.03717098113205 33.96282901886795
89 436.6049999999959 61.96258173865539 38.03741826134461
90 395.2569999999978 67.72786060712916 32.27213939287084
91 408.7280000000028 65.89645925895182 34.10354074104818
92 428.1849999999977 62.294262993799265 37.705737006200735
93 474.26200000000244 56.545966153724216 43.454033846275784
94 397.5480000000098 68.68783392196408 31.312166078035915
95 433.27399999999034 63.232185637717166 36.767814362282834
96 393.31200000000536 69.60322085265815 30.396779147341846
97 393.07600000000093 70.14557998961598 29.85442001038402
98 418.8619999999937 64.67559243856171 35.32440756143829
99 403.627999999997 67.8664711070329 32.13352889296711
100 404.7320000000036 66.58612118639124 33.41387881360876
101 406.70500000000175 66.43694323894378 33.56305676105622
102 421.06900000000314 64.59486449967002 35.405135500329976
103 411.2439999999915 64.45382789780456 35.54617210219544
104 402.68700000000536 66.78401835668825 33.21598164331175
105 456.7850000000035 59.919207066741144 40.080792933258856
106 405.5460000000021 66.48871398064179 33.51128601935821
107 398.3099999999977 67.18355803268338 32.81644196731662
108 441.2899999999936 61.64786648236185 38.35213351763815
109 405.7530000000115 66.0487907668341 33.9512092331659
110 494.03499999998894 54.34833766839291 45.65166233160709
111 405.44200000001 67.9592716097351 32.0407283902649
112 456.17099999998754 58.94797345733666 41.05202654266334
113 502.06900000000314 54.39295594827952 45.60704405172048
114 412.33000000000175 66.08283171244567 33.91716828755433
115 402.6030000000028 67.9417739063094 32.05822609369061
116 394.2920000000013 68.01343674234542 31.98656325765458
117 405.7329999999929 66.85084279562493 33.14915720437507
118 509.15800000001036 53.74351183722178 46.25648816277822
119 380.3839999999909 69.25651972742483 30.74348027257517
120 371.596000000005 73.47856812237627 26.521431877623726
121 458.14800000000105 58.42454185109125 41.57545814890875
122 420.9119999999966 64.86057418179388 35.13942581820612
123 400.2890000000043 68.33165787719192 31.668342122808085
124 465.2439999999915 59.063207693164685 40.936792306835315
125 404.27300000000105 66.61562854807492 33.38437145192508
126 428.6860000000015 63.79526739851153 36.20473260148847
127 398.21600000000035 68.17930469896537 31.820695301034633
128 419.48300000000745 65.4216332962527 34.57836670374731
129 395.6820000000007 68.44619922060272 31.553800779397278
130 377.5720000000001 71.32614706602699 28.67385293397301
131 424.44699999998556 65.37665480022686 34.62334519977314
132 393.247000000003 70.53922598262045 29.46077401737955
133 426.23300000000745 63.438405754604986 36.561594245395014
134 442.66300000000047 61.86367959363257 38.13632040636743
135 404.8859999999986 69.43558927698564 30.564410723014362
136 403.69800000000396 66.14655757519672 33.853442424803276
137 389.84799999999814 70.85511276188417 29.144887238115828
138 436.6710000000021 62.98479404398412 37.01520595601588
139 401.65099999998347 67.58484355822976 32.415156441770236
140 415.0010000000184 65.56052876983772 34.43947123016228
141 426.21099999998114 64.25767049655732 35.742329503442676
142 396.25700000001234 70.02398191082253 29.976018089177472
143 395.3770000000077 68.60836366301135 31.391636336988654
144 420.1110000000044 65.5548771634671 34.4451228365329
145 394.5809999999765 68.20709055939021 31.79290944060979
146 418.1580000000249 67.31453182764832 32.685468172351676
147 424.30199999999604 64.32322496709617 35.676775032903834
148 404.21099999998114 67.63783518999159 32.36216481000841
149 399.26500000001397 69.32330407117671 30.676695928823293
150 390.9780000000028 68.96285980275707 31.037140197242934
151 455.8199999999779 59.6868281339296 40.3131718660704
152 384.747000000003 70.88929608282386 29.11070391717614
153 424.3510000000242 63.81760617973712 36.18239382026288
154 431.59399999998277 62.966044476984564 37.033955523015436
155 407.0100000000093 65.93603842659016 34.06396157340984
156 416.737999999983 65.74845106522395 34.251548934776054
157 386.6680000000051 69.48736642284996 30.51263357715004
158 424.85700000001816 64.56704491155908 35.43295508844092
159 390.2969999999914 70.19354747799785 29.806452522002147
160 434.6479999999865 62.76755903633625 37.23244096366375
161 394.0910000000149 69.4068628819491 30.593137118050905
162 429.9759999999951 63.3286834614193 36.6713165385807
163 383.73399999999674 71.11284900479916 28.88715099520084
164 430.03899999998976 63.99108918023533 36.00891081976467
165 392.2750000000233 69.42915046852494 30.570849531475062
166 426.6339999999909 63.99275960200068 36.00724039799932
167 394.27900000000955 68.34186451726706 31.658135482732945
168 408.7609999999986 67.90811990376004 32.09188009623996
169 413.72099999999045 65.48963190162948 34.51036809837052
170 421.8759999999893 65.62100949099629 34.378990509003714
171 393.6600000000035 68.57974394151887 31.42025605848113
172 393.95100000000093 67.88657726472192 32.11342273527808
173 438.25 61.29280547630091 38.70719452369909
174 419.05100000000675 65.63128115662238 34.36871884337762
175 401.9750000000058 68.36162696681072 31.638373033189282
176 422.42799999998533 64.67538610133302 35.32461389866698
177 388.81300000002375 69.20817976775744 30.791820232242557
178 431.8039999999746 63.25677853841655 36.74322146158345
179 418.30200000002515 66.20107960279515 33.79892039720485
180 441.5359999999928 61.673933722258234 38.326066277741766
181 387.6270000000077 70.2278375861084 29.772162413891607
182 437.46999999997206 62.13525956063921 37.86474043936079
183 421.3620000000228 65.31288535740116 34.68711464259884
184 393.8769999999786 68.82309451939695 31.176905480603054
185 438.35900000002584 62.870973334614725 37.129026665385275
186 422.8759999999893 64.4031583727838 35.59684162721619
187 407.80199999999604 67.3655744699356 32.634425530064405
188 405.29099999999744 66.91514738802927 33.08485261197073
189 405.84799999999814 67.55592487818643 32.44407512181357
190 386.762000000017 70.0642875980789 29.935712401921094
191 439.0119999999879 62.26601322971243 37.73398677028757
192 374.39100000000326 73.38149421323487 26.618505786765127
193 407.65099999998347 66.03635707994572 33.96364292005428
194 432.7410000000091 62.564490076051335 37.435509923948665
195 417.7270000000135 65.99209531587815 34.007904684121854
196 388.63300000000163 70.61248787424687 29.387512125753133
197 426.4899999999907 63.675171750841585 36.324828249158415
198 414.9459999999963 66.60392677597935 33.396073224020654
199 410.5009999999893 66.98246776504543 33.01753223495457
200 412.1700000000128 67.30476987648643 32.69523012351357
201 403.8960000000079 67.90123942796554 32.098760572034465
202 397.3610000000044 67.37974033685506 32.620259663144935
203 460.6109999999753 59.47027752272015 40.52972247727985
204 404.06400000001304 67.18155787202052 32.81844212797948
205 413.60899999999674 66.2425720910243 33.7574279089757
206 401.43700000000536 68.07018785014621 31.929812149853788
207 428.8409999999858 63.473338603387596 36.526661396612404
208 401.4080000000249 68.08910136309726 31.910898636902743
209 420.8509999999951 64.90083426198746 35.099165738012545
210 414.4750000000058 66.35701067618427 33.642989323815726
211 444.84399999998277 61.956658963609144 38.043341036390856
212 382.9679999999935 71.74921664473031 28.25078335526969
213 423.83699999999953 65.04142158421493 34.95857841578507
214 405.1900000000023 67.94579333153358 32.05420666846642
215 398.00500000000466 70.29531789798448 29.704682102015525
216 405.6820000000007 69.2036545866475 30.796345413352498
217 410.73399999999674 66.99070201153243 33.009297988467566
218 406.38200000001234 67.71126427840916 32.28873572159084
219 465.3089999999793 58.83055560931896 41.16944439068104
220 407.2410000000091 67.33197295951055 32.66802704048945
221 422.54899999999907 64.86363711663881 35.13636288336119
222 401.01800000001094 67.92099606499875 32.07900393500125
223 396.8379999999888 68.94290113347374 31.05709886652626
224 415.50599999999395 65.48941531528777 34.51058468471223
225 455.65300000002026 60.10111641970713 39.89888358029287
226 436.83599999998114 61.916980285492095 38.083019714507905
227 425.0210000000079 64.70112535613741 35.29887464386259
228 411.7639999999956 66.38907723847932 33.61092276152068
229 404.6720000000205 68.3109283566832 31.689071643316794
230 410.0919999999751 67.30180788708657 32.69819211291343
231 410.39400000000023 66.56441614638315 33.43558385361685
232 398.7860000000219 69.22298174960565 30.77701825039435
233 396.0369999999821 69.36435989565743 30.63564010434257
234 436.6490000000049 62.10986169668159 37.89013830331841
235 409.4010000000126 66.13491662210583 33.865083377894166
236 416.76900000000023 66.374233688166 33.625766311834
237 409.7829999999958 65.63898941629635 34.361010583703646
238 420.7479999999923 65.82733370088225 34.17266629911775
239 430.82500000001164 63.50142633322554 36.49857366677446
240 402.56099999998696 68.4611127257721 31.538887274227903
241 444.74199999999837 60.30328370159086 39.69671629840914
242 405.0580000000191 69.03683176239433 30.96316823760567
243 440.1219999999739 62.13335847790199 37.86664152209801
244 395.1690000000235 70.55395286575387 29.44604713424613
245 419.5689999999886 65.44957325253331 34.55042674746669
246 405.46100000001024 68.49306345123193 31.506936548768067
247 433.71199999999953 63.69434555654516 36.30565444345484
248 428.29999999998836 64.22915946775785 35.77084053224215
249 424.2019999999902 64.87047208640894 35.12952791359106
250 423.56400000001304 65.09701485493378 34.902985145066225
251 407.8640000000014 67.2210197517098 32.778980248290196
252 407.9910000000091 67.81848619215025 32.181513807849754
253 462.58499999999185 58.66907054921499 41.33092945078501
254 374.1119999999937 71.98026259511519 28.019737404884808
255 444.0329999999958 62.770517056183664 37.229482943816336
256 421.17600000000675 65.96522831309291 34.03477168690709
257 395.8990000000049 69.5829112981015 30.417088701898507
258 418.0210000000079 65.7682389161171 34.2317610838829
259 435.26699999999255 63.15153917026657 36.84846082973343
260 398.02999999999884 69.73218852853319 30.267811471466814
261 418.29099999999744 64.71030454878365 35.289695451216346
262 413.3990000000049 65.85123331212628 34.14876668787372
263 419.625 64.19516949653838 35.804830503461616
264 410.4109999999928 65.90486366103254 34.095136338967464
265 426.07300000000396 63.52775463361604 36.47224536638396
266 396.4199999999837 68.842545784818 31.157454215182
267 446.34600000001956 61.60364156952826 38.39635843047174
268 406.52599999998347 67.3889000950064 32.611099904993594
269 439.73099999999977 61.433324009472635 38.566675990527365
270 381.0210000000079 71.97299623902138 28.027003760978616
271 449.48300000000745 60.154339541256704 39.845660458743296
272 437.7859999999928 63.632592179749494 36.367407820250506
273 411.4550000000163 67.67756376764423 32.32243623235577
274 380.8959999999788 71.14731580275749 28.85268419724251
275 455.99300000001676 60.88338417478042 39.11661582521958
276 411.6479999999865 66.93082682291181 33.06917317708819
277 413.11699999999837 65.35176233362277 34.64823766637723
278 402.3950000000186 69.24646429496804 30.753535705031965
279 425.08299999998417 64.32454132487109 35.67545867512891
280 422.31200000000536 65.5293811211036 34.4706188788964
281 399.7850000000035 68.12810385581301 31.87189614418699
282 395.11699999999837 69.46551021597604 30.53448978402396
283 444.35899999999674 61.86272135816865 38.13727864183135
284 413.19200000001 66.35027541668792 33.64972458331208
285 417.8519999999844 65.02821812507842 34.971781874921575
286 396.7149999999965 68.6659213793236 31.334078620676394
287 420.89200000002165 65.58175969130727 34.41824030869273
288 414.48499999998603 66.20270697366647 33.797293026333534
289 400.94899999999325 67.36407373514793 32.635926264852074
290 426.15200000000186 63.8554248249765 36.1445751750235
291 419.49300000001676 65.36697632620326 34.63302367379674
292 401.1149999999907 69.7117185844075 30.288281415592493
293 409.75500000000466 67.09599150713342 32.90400849286658
294 402.9869999999937 69.20719775083202 30.792802249167977
295 424.7259999999951 63.463484693598105 36.536515306401895
296 419.63000000000466 66.2710197077674 33.728980292232606
297 409.8839999999909 67.77547062099237 32.224529379007635
298 383.53100000001723 72.1926832510522 27.807316748947798
299 411.2709999999788 66.56475170874653 33.43524829125347
mean: 413.307 std: 21.414
DurationTime(%): 66.054 std: 3.298
IdleTime(%): 33.946 std: 3.298 
