11 2094.3169999999955 14.85299216880681 85.14700783119319
12 2060.1359999999986 14.87151722022228 85.12848277977773
13 2038.8830000000016 15.729878075395831 84.27012192460417
14 2201.027000000002 13.682273774923898 86.3177262250761
15 2042.3739999999962 16.156577590587666 83.84342240941234
16 2199.775999999998 14.438721488005356 85.56127851199464
17 2141.9610000000102 14.60982996422533 85.39017003577467
18 2113.9660000000003 15.572135975697787 84.42786402430221
19 2149.672999999995 14.291060082161788 85.70893991783821
20 2115.194000000003 15.66282478108549 84.33717521891451
21 2072.8879999999917 15.115491044379342 84.88450895562066
22 2107.074999999997 14.656496327849384 85.34350367215062
23 2089.4260000000068 14.701333284836151 85.29866671516385
24 2103.3300000000017 14.585177789504 85.414822210496
25 2098.027000000002 14.681327266045466 85.31867273395453
26 2036.356999999989 15.993107298967265 84.00689270103274
27 2142.8770000000077 14.464231964784158 85.53576803521584
28 2135.214000000007 14.426298253947017 85.57370174605299
29 2067.954999999987 15.165798095221014 84.83420190477898
30 2078.4159999999974 15.243069241193957 84.75693075880605
31 2034.0720000000147 17.281091328131303 82.71890867186869
32 2196.1169999999984 14.80072464262733 85.19927535737267
33 2162.9869999999937 14.20765404507714 85.79234595492287
34 2087.214000000007 15.86889461263335 84.13110538736665
35 2174.451000000001 14.024813619618431 85.97518638038157
36 2048.95199999999 15.14110433040897 84.85889566959104
37 2091.439000000013 15.274986743574093 84.72501325642591
38 2141.813999999984 14.225598021118046 85.77440197888195
39 2045.0530000000144 16.17778218950682 83.82221781049319
40 2117.941999999981 15.589615768517548 84.41038423148245
41 2042.1480000000156 15.957205354360877 84.04279464563912
42 2087.3919999999925 16.487671697504787 83.5123283024952
43 2131.589000000007 14.433277240591341 85.56672275940866
44 2132.505999999994 14.902956427790642 85.09704357220936
45 2069.109999999986 15.357700170604424 84.64229982939557
46 2062.109000000026 16.19491113224576 83.80508886775424
47 2237.1939999999886 14.762831028511616 85.23716897148839
48 2120.464000000007 15.692687543856424 84.30731245614358
49 2155.975000000006 14.254778464500312 85.7452215354997
50 2063.9130000000005 16.01734423883312 83.98265576116688
51 2100.923999999999 14.901233933259523 85.09876606674048
52 2132.975999999995 14.993685348544092 85.00631465145591
53 2072.3739999999816 15.179558805504742 84.82044119449526
54 2073.4260000000068 15.625929741403628 84.37407025859638
55 2145.8940000000002 14.603589459683747 85.39641054031625
56 2030.5869999999995 16.505945325170096 83.4940546748299
57 2112.853000000003 15.304723991679515 84.69527600832049
58 2082.5929999999935 15.40571777586658 84.59428222413342
59 2125.6750000000175 14.871076716807602 85.12892328319239
60 2144.9709999999905 14.604223087399149 85.39577691260085
61 2062.969000000012 15.612367902766103 84.3876320972339
62 2190.3799999999756 14.345832230027375 85.65416776997263
63 2057.1660000000265 15.001486997160818 84.99851300283919
64 2149.262999999977 14.577017796335442 85.42298220366456
65 2080.2110000000102 15.345570713743042 84.65442928625696
66 2062.576000000001 15.880417982176793 84.1195820178232
67 2191.4800000000105 14.346155109787883 85.65384489021211
68 2060.74099999998 16.16679388627541 83.83320611372459
69 2102.4030000000203 14.854633959333707 85.14536604066629
70 2110.164999999979 15.559161487372497 84.44083851262751
71 2087.4320000000007 15.08740021231997 84.91259978768002
72 2059.5070000000123 15.641876915203975 84.35812308479602
73 2075.9400000000023 15.340137961592065 84.65986203840794
74 2085.7820000000065 14.854470889094548 85.14552911090546
75 2090.2249999999767 15.629770000834506 84.37022999916549
76 2109.2030000000086 15.151524059086283 84.84847594091372
77 2157.1110000000044 14.515544633540808 85.48445536645919
78 2129.701000000001 14.4530565558258 85.5469434441742
79 2096.938999999984 15.188955901913928 84.81104409808607
80 2054.1380000000063 15.615948879771665 84.38405112022834
81 2175.137000000017 14.673904678189704 85.3260953218103
82 2132.7699999999895 14.923423529022658 85.07657647097734
83 2146.0929999999935 14.9612071797452 85.0387928202548
84 2037.7179999999935 16.10303192100621 83.8969680789938
85 2210.3800000000047 14.699312787848337 85.30068721215166
86 2084.5409999999974 15.536909084542069 84.46309091545793
87 2129.841000000015 15.544700754656102 84.4552992453439
88 2076.5689999999886 15.092082661352244 84.90791733864776
89 2082.0169999999925 16.22090645753381 83.77909354246619
90 2059.298000000039 16.463071396171255 83.53692860382874
91 2207.2339999999967 15.038667400015 84.961332599985
92 2133.460999999952 15.493313915748452 84.50668608425156
93 2118.119000000006 13.804132817847655 86.19586718215234
94 2066.101000000024 15.12908904260171 84.8709109573983
95 2074.832999999984 15.360685896166332 84.63931410383367
96 2059.140000000014 15.30312120593638 84.69687879406362
97 2101.5439999999944 15.753285679480491 84.24671432051952
98 2129.4610000000102 15.140445399090039 84.85955460090996
99 2140.097999999998 15.050800010086734 84.94919998991327
100 2147.4010000000126 14.579939191613295 85.42006080838671
101 2064.953999999969 15.755917565231972 84.24408243476803
102 2199.8550000000396 14.656512815617459 85.34348718438254
103 2081.6509999999544 15.35995851369484 84.64004148630517
104 2148.3159999999916 14.967413080764928 85.03258691923507
105 2045.8730000000214 15.23939951306567 84.76060048693432
106 2085.726000000024 15.595750832094065 84.40424916790593
107 2049.505999999994 16.208318004437743 83.79168199556226
108 2184.5709999999963 14.907515480160368 85.09248451983963
109 2119.0349999999744 15.49022644741966 84.50977355258034
110 2092.231000000029 15.666282069231444 84.33371793076856
111 2176.823999999964 14.42494110686005 85.57505889313995
112 2093.0170000000508 15.611351938381604 84.3886480616184
113 2138.069999999949 14.39263120477812 85.60736879522187
114 2057.753000000026 15.11350536240107 84.88649463759893
115 2077.662000000011 15.518379312889092 84.4816206871109
116 2053.548999999999 16.299001387350064 83.70099861264994
117 2140.777000000002 15.340800559804595 84.65919944019541
118 2116.2459999999846 15.461900932120754 84.53809906787924
119 2135.456999999995 14.774831804162872 85.22516819583713
120 2097.75 14.905147896555546 85.09485210344445
121 2088.771000000008 14.698771191294894 85.3012288087051
122 2054.109999999986 14.914558129807007 85.085441870193
123 2092.8830000000307 15.874639432783693 84.1253605672163
124 2055.9379999999655 16.06402576342799 83.93597423657201
125 2231.923999999999 14.240231298199104 85.7597687018009
126 2020.2410000000382 16.288925430181795 83.71107456981821
127 2247.2249999999767 13.825636952239293 86.1743630477607
128 2017.7310000000289 16.87883667347025 83.12116332652975
129 2177.9369999999763 14.340554387024262 85.65944561297573
130 2115.396999999997 15.135946113186966 84.86405388681304
131 2138.536000000022 14.345545737837995 85.654454262162
132 2150.469999999972 14.518239733635058 85.48176026636494
133 2045.9930000000168 16.24427209673023 83.75572790326977
134 2203.482000000018 14.36803522788079 85.6319647721192
135 2052.081999999995 16.47734203604789 83.52265796395211
136 2144.4649999999674 15.313692226269412 84.68630777373059
137 2156.7449999999953 15.146144305423995 84.853855694576
138 2050.850000000035 16.112782504811022 83.88721749518898
139 2133.0909999999567 14.60725022982842 85.39274977017158
140 2050.9860000000335 16.003548049564586 83.99645195043541
141 2124.7449999999953 15.320892154110835 84.67910784588916
142 2068.69299999997 15.74195011053297 84.25804988946703
143 2113.3670000000275 15.371261120280892 84.62873887971911
144 2148.4500000000116 14.48265540273006 85.51734459726994
145 2040.7479999999632 16.12304213945737 83.87695786054263
146 2137.942000000039 14.669698242514606 85.33030175748539
147 2062.972999999998 15.763196609944243 84.23680339005575
148 2146.8559999999707 15.068491785198706 84.9315082148013
149 2124.362000000023 14.545643350798024 85.45435664920197
150 2085.86599999998 14.70905130051024 85.29094869948976
151 2067.1510000000126 15.440344706310242 84.55965529368976
152 2125.7210000000196 14.610437587998534 85.38956241200147
153 2052.094999999972 16.149751838985015 83.85024816101499
154 2109.6300000000047 14.486148755946578 85.51385124405343
155 2155.886999999988 15.229684116087123 84.77031588391287
156 2091.177000000025 15.774859803831664 84.22514019616834
157 2110.238000000012 15.038686157683543 84.96131384231646
158 2155.092000000004 14.126553297964179 85.87344670203582
159 2032.10699999996 15.795357232667632 84.20464276733237
160 2088.011999999988 15.454282350871104 84.5457176491289
161 2242.7360000000335 13.592934701186179 86.40706529881382
162 2072.926999999967 16.65360815890164 83.34639184109835
163 2057.0960000000196 15.485981208466093 84.51401879153391
164 2125.0499999999884 14.082007952745105 85.9179920472549
165 2092.171000000031 14.96846290288315 85.03153709711685
166 2095.1749999999884 15.639621034049952 84.36037896595005
167 2129.0009999999893 14.830208158661002 85.16979184133899
168 2097.4930000000168 15.37887611543915 84.62112388456084
169 2094.877999999968 15.311740349567327 84.68825965043267
170 2054.907999999996 16.006084457309136 83.99391554269087
171 2058.44100000005 16.22176831884108 83.77823168115893
172 2141.8499999999767 14.665788453920618 85.33421154607939
173 2149.0320000000065 15.033377818481613 84.96662218151839
174 2109.24099999998 15.445435111494993 84.55456488850501
175 2127.9610000000102 15.152845846330179 84.84715415366982
176 2144.021999999997 15.001206144346781 84.99879385565322
177 2128.173999999999 15.52532076794964 84.47467923205036
178 2143.7810000000172 15.533908547559019 84.46609145244098
179 2112.137999999977 15.21859982633455 84.78140017366545
180 2131.161000000022 15.143206918669454 84.85679308133055
181 2084.9679999999935 15.126370284817964 84.87362971518203
182 2098.1450000000186 15.315611170810408 84.68438882918959
183 2180.2609999999986 14.272044035098977 85.72795596490103
184 2079.578999999969 15.248382485109527 84.75161751489047
185 2083.5400000000373 14.521752882117536 85.47824711788246
186 2095.6199999999953 15.133696948877926 84.86630305112207
187 2086.8439999999828 15.50055202975994 84.49944797024006
188 2087.304999999993 15.507927207574253 84.49207279242574
189 2110.9490000000224 14.84082182941969 85.1591781705803
190 2114.7179999999935 15.211273559876826 84.78872644012317
191 2168.8090000000084 14.392082013674184 85.60791798632582
192 2168.8759999999893 14.21574124108504 85.78425875891496
193 2084.274999999965 15.210380108187909 84.7896198918121
194 2094.4100000000326 14.993798730916394 85.0062012690836
195 2078.9919999999693 15.866453550573317 84.13354644942669
196 2078.8209999999963 15.624104720905416 84.37589527909458
197 2036.1359999999986 16.51715406043993 83.48284593956006
198 2193.92300000001 14.816048694503001 85.183951305497
199 2135.5620000000345 15.202873529306501 84.7971264706935
200 2180.0999999999767 14.215763038395195 85.7842369616048
201 2044.359999999986 15.974081375092569 84.02591862490743
202 2247.75 13.833424535648838 86.16657546435115
203 2066.3360000000102 15.362842248315612 84.63715775168438
204 2085.587999999989 15.631991553468852 84.36800844653115
205 2080.896000000008 15.156982376820844 84.84301762317915
206 2115.801000000036 14.561126495355776 85.43887350464422
207 2096.286999999953 14.701638659214192 85.2983613407858
208 2041.048999999999 15.885774912805017 84.11422508719498
209 2169.29800000001 14.292948225644366 85.70705177435563
210 2086.5340000000433 15.838456023245712 84.16154397675429
211 2074.4599999999627 15.094862277411577 84.90513772258842
212 2106.3390000000363 14.953384996432591 85.04661500356741
213 2097.8549999999814 15.106627483780354 84.89337251621964
214 2045.2050000000163 16.145094012580604 83.8549059874194
215 2151.8739999999525 14.38318646909332 85.61681353090668
216 2081.7550000000047 14.970288530600454 85.02971146939954
217 2102.484000000055 15.943803615153962 84.05619638484603
218 2072.712999999989 16.051918910133697 83.9480810898663
219 2182.6999999999534 14.342720941960119 85.65727905803988
220 2051.9060000000754 16.531280185354507 83.4687198146455
221 2180.2939999999944 14.409110422726032 85.59088957727397
222 2133.883999999962 14.347532480672584 85.65246751932742
223 2125.905000000028 15.27791081915814 84.72208918084186
224 2153.753999999957 14.595529015846859 85.40447098415314
225 2087.8739999999525 14.93582515035667 85.06417484964334
226 2105.5720000000438 15.38218783304286 84.61781216695714
227 2071.8420000000624 16.34938088907028 83.65061911092972
228 2172.646999999997 15.32443420401589 84.67556579598411
229 2099.0629999999655 15.33920373041516 84.66079626958484
230 2102.609999999986 15.735506346879086 84.26449365312091
231 2134.8859999999404 15.481579344295945 84.51842065570406
232 2109.5230000000447 15.044102387119656 84.95589761288035
233 2089.7360000000335 15.07711021871515 84.92288978128485
234 2120.9349999999395 14.687104979632732 85.31289502036726
235 2082.3730000000214 15.838622571460473 84.16137742853952
236 2161.972000000067 15.34083466391567 84.65916533608433
237 2093.3219999999274 15.244295908628894 84.7557040913711
238 2071.8680000000168 15.079149829996199 84.9208501700038
239 2140.265000000014 14.946051540351124 85.05394845964888
240 2172.6959999999963 14.261599413816528 85.73840058618347
241 2056.3399999999674 16.225162667658577 83.77483733234142
242 2150.646999999997 13.78720589664507 86.21279410335492
243 2073.939000000013 15.706516440450837 84.29348355954916
244 2166.947999999975 14.057614211329494 85.9423857886705
245 2132.6720000000205 14.406378008431126 85.59362199156888
246 2184.3420000000624 14.382419053424425 85.61758094657557
247 2135.061999999918 15.310797531881395 84.68920246811861
248 2084.454000000027 15.969655842708578 84.03034415729142
249 2108.942000000039 14.750268618105626 85.24973138189438
250 2090.3610000000335 15.484519181130999 84.51548081886901
251 2087.823999999906 15.279366460012572 84.72063353998743
252 2092.844000000041 16.581517303737424 83.41848269626257
253 2125.5599999999395 14.317450460119103 85.6825495398809
254 2053.9330000000773 15.686752196881612 84.31324780311839
255 2064.003999999957 15.595641287507291 84.40435871249271
256 2085.6759999999776 15.581790268475192 84.41820973152481
257 2180.851000000024 14.309821716384343 85.69017828361565
258 2105.8980000000447 15.173950970089306 84.82604902991069
259 2105.746999999974 15.963202606952276 84.03679739304772
260 2151.7820000000065 14.547746472457835 85.45225352754217
261 2140.226000000024 14.183290456231218 85.81670954376878
262 2122.802000000025 15.813403228365244 84.18659677163475
263 2077.7489999999525 15.737950060377909 84.26204993962209
264 2191.722999999998 14.66053283193302 85.33946716806697
265 2008.8730000000214 16.9379134469878 83.0620865530122
266 2108.0629999999655 15.304037877419033 84.69596212258097
267 2077.9980000000214 15.088444743443224 84.91155525655678
268 2062.378999999957 15.226466619364048 84.77353338063595
269 2083.4490000000224 15.014224490254282 84.98577550974572
270 2152.606000000029 14.634643311418458 85.36535668858154
271 2111.9590000000317 14.755758989624034 85.24424101037596
272 2153.432999999961 14.393794002411948 85.60620599758805
273 2064.439999999944 16.44006122726377 83.55993877273623
274 2107.042000000016 14.525619327949851 85.47438067205015
275 2145.109000000055 14.938985384901388 85.06101461509861
276 2090.4290000000037 15.224841408147347 84.77515859185266
277 2127.5599999999395 14.551978792605432 85.44802120739456
278 2041.9749999999767 16.1447583834235 83.8552416165765
279 2129.45000000007 14.750344924749001 85.249655075251
280 2063.390999999945 15.811320782172356 84.18867921782764
281 2095.097000000067 15.335737677061475 84.66426232293853
282 2090.3619999999646 14.624624347358795 85.37537565264121
283 2162.469000000041 14.485600949652286 85.51439905034772
284 2085.5209999999497 14.946735132367884 85.05326486763212
285 2075.685999999987 15.13039785400611 84.8696021459939
286 2063.0509999999776 15.58443974483548 84.41556025516452
287 2090.3120000000345 15.079634523451329 84.92036547654867
288 2104.3490000000456 15.029639570241049 84.97036042975895
289 2093.344999999972 15.035798685845627 84.96420131415437
290 2131.6570000000065 14.704326258875641 85.29567374112436
291 2119.9499999999534 15.553822495789616 84.44617750421038
292 2059.677000000025 15.263497140586244 84.73650285941376
293 2069.1330000000307 16.058785008012403 83.9412149919876
294 2116.0849999999627 15.271882273164525 84.72811772683548
295 2177.390000000014 14.12560864154369 85.87439135845631
296 2088.5380000000587 14.918197801527135 85.08180219847287
297 2079.064999999944 15.398435354353667 84.60156464564633
298 2083.542999999947 15.425176730216968 84.57482326978302
299 2076.1480000000447 15.249177804287411 84.75082219571259
300 2067.7939999999944 14.919844529972112 85.08015547002789
301 2156.4740000000456 14.479843021530067 85.52015697846993
302 2094.890000000014 14.887641355868334 85.11235864413166
303 2127.9269999999087 14.783791925208407 85.2162080747916
304 2095.2540000000736 15.800560695742647 84.19943930425735
305 2111.3340000000317 14.76483446011449 85.23516553988551
306 2163.503999999957 15.201953405207169 84.79804659479284
307 2076.1809999999823 14.440226068929856 85.55977393107014
308 2067.2970000000205 15.646702433184354 84.35329756681564
309 2084.241000000038 15.251040066866015 84.74895993313399
310 2064.5069999999832 16.548264064963504 83.4517359350365
311 2175.1459999999497 14.226353541332296 85.7736464586677
312 2069.3029999999562 16.093840293084448 83.90615970691556
313 2169.792000000016 15.21480123440228 84.78519876559773
314 2163.7420000000857 14.446797261397728 85.55320273860227
315 2069.250999999931 17.137514491958495 82.8624855080415
316 2146.7850000000326 14.366132146460304 85.6338678535397
317 2151.5869999999413 15.359038235504348 84.64096176449566
318 2157.976000000024 14.476379718770065 85.52362028122994
319 2113.3680000000168 15.133156648542531 84.86684335145748
320 2160.2219999999506 14.844652077426579 85.15534792257343
321 2057.9610000000102 15.656948795437481 84.34305120456251
322 2119.0540000000037 15.726312779192675 84.27368722080732
323 2166.8730000000214 14.564535161961253 85.43546483803874
324 2045.4340000000084 15.961313833651236 84.03868616634877
325 2129.597999999998 14.460594440829569 85.53940555917043
326 2073.5629999999655 15.89977589297943 84.10022410702057
327 2119.3840000000782 15.52894331560794 84.47105668439207
328 2062.1659999999683 15.109527070093783 84.89047292990622
329 2117.4130000000587 15.078145359434423 84.92185464056558
330 2083.580999999889 15.303811082952611 84.6961889170474
331 2143.170000000042 14.966878968990063 85.03312103100994
332 2086.628000000026 15.122812499406239 84.87718750059376
333 2052.4749999999767 15.617994859867007 84.38200514013299
334 2175.60699999996 14.04142981704114 85.95857018295887
335 2050.2130000001052 15.656955643152074 84.34304435684793
336 2155.0749999999534 15.013447327811527 84.98655267218848
337 2107.6999999999534 14.067774351183445 85.93222564881656
338 2091.8540000000503 14.967485780571426 85.03251421942858
339 2124.420000000042 14.460590655343447 85.53940934465655
340 2178.722999999998 14.234694359952925 85.76530564004707
341 2150.811999999918 14.352339023579413 85.64766097642058
342 2126.4749999999767 14.795810437459961 85.20418956254004
343 2091.896999999997 15.860115483703478 84.13988451629652
344 2145.978000000003 14.188809950523732 85.81119004947627
345 2119.9100000000326 15.040852205975893 84.9591477940241
346 2128.5590000000084 14.72807800958535 85.27192199041465
347 2084.496000000043 15.34831968975093 84.65168031024908
348 2061.0869999999413 15.883503704617013 84.11649629538299
349 2119.5080000000307 15.045708721078189 84.95429127892181
350 2092.832999999984 15.88753761049758 84.11246238950243
351 2187.0890000000363 15.424469694651519 84.57553030534848
352 2061.2600000000093 16.026465365859437 83.97353463414056
353 2103.667000000016 14.830709898481187 85.16929010151881
354 2108.0839999999152 15.658243219905863 84.34175678009413
355 2108.7889999999898 14.776334664119759 85.22366533588024
356 2087.7090000000317 16.286243437180982 83.71375656281901
357 2108.847000000067 15.39959987614144 84.60040012385856
358 2106.3829999999143 16.157412968092398 83.8425870319076
359 2217.0350000000326 14.415405259721695 85.5845947402783
360 2067.777000000002 15.559156524147577 84.44084347585242
361 2067.43200000003 15.81473441448903 84.18526558551098
362 2082.064999999944 15.397494314538465 84.60250568546154
363 2137.3080000000773 14.564874131389935 85.43512586861007
364 2122.1579999999376 15.409265002870907 84.59073499712909
365 2089.0870000000577 14.814919627582707 85.18508037241729
366 2077.304999999935 15.80279881865781 84.1972011813422
367 2126.8420000000624 14.504043553771972 85.49595644622804
368 2145.469999999972 14.856853276912643 85.14314672308736
369 2157.8390000000363 14.802697513594282 85.19730248640572
370 2049.835999999894 16.17395147709893 83.82604852290106
371 2121.9280000000726 15.286581825577366 84.71341817442263
372 2113.8439999999246 13.763247429799808 86.2367525702002
373 2089.5860000000102 14.987338161716082 85.01266183828392
374 2110.9679999999935 15.468482705570064 84.53151729442993
375 2145.826000000001 14.859241616049742 85.14075838395026
376 2087.8820000000997 15.057107154520036 84.94289284547996
377 2063.848999999929 15.051865713045718 84.94813428695429
378 2072.045999999973 16.11840808553124 83.88159191446876
379 2202.7510000000475 14.161545721690535 85.83845427830947
380 2040.155999999959 16.565406272855874 83.43459372714412
381 2214.234999999986 14.820025426397498 85.17997457360251
382 2143.816000000108 15.363172025956686 84.63682797404331
383 2075.409999999916 16.78254417199351 83.21745582800649
384 2198.710000000079 14.183200149171766 85.81679985082823
385 2105.2799999999115 15.943821249428963 84.05617875057104
386 2105.109999999986 14.382650787859022 85.61734921214098
387 2155.097999999998 14.959216239816515 85.04078376018349
388 2086.090000000084 14.85059273569499 85.14940726430501
389 2088.8669999999693 15.789498326130724 84.21050167386927
390 2171.511000000057 14.842272500569726 85.15772749943028
391 2111.4439999999013 15.902186844642019 84.09781315535798
392 2083.1830000000773 15.686359287689944 84.31364071231006
393 2197.48199999996 14.708761664482081 85.29123833551792
394 2111.3980000000447 14.80330188813205 85.19669811186795
395 2123.5669999999227 14.707221387412464 85.29277861258754
396 2092.976000000024 14.76548034951243 85.23451965048757
397 2088.109999999986 14.306385678931433 85.69361432106857
398 2046.9130000000587 14.789466870361236 85.21053312963876
399 2154.659999999916 14.64205164620123 85.35794835379878
400 2072.5990000000456 15.276814762528604 84.7231852374714
401 2139.832999999984 15.274092417485619 84.72590758251438
402 2085.7510000000475 15.065989660322016 84.93401033967798
403 2122.7399999999907 15.339589869697544 84.66041013030245
404 2099.5479999999516 15.715650701970965 84.28434929802904
405 2154.942000000039 15.388436904557915 84.61156309544208
406 2085.807999999961 15.7829181784645 84.2170818215355
407 2118.4309999999823 15.291035204836017 84.70896479516398
408 2153.920000000042 15.078546092681282 84.92145390731872
409 2085.0169999999925 15.21996511299673 84.78003488700327
410 2205.3910000000615 14.559161164604628 85.44083883539537
411 2094.1840000000084 15.637497946689388 84.3625020533106
412 2106.7799999999115 15.621817180718503 84.37818281928149
413 2035.7690000000875 16.145976778306764 83.85402322169324
414 2099.1399999998976 15.300394923638674 84.69960507636132
415 2166.560000000056 14.831881877261162 85.16811812273883
416 2159.606000000029 15.2016886413464 84.79831135865359
417 2055.2149999999674 15.752091143734221 84.24790885626578
418 2127.1779999999562 14.515484834845122 85.48451516515487
419 2172.173000000068 14.138081543227788 85.86191845677222
420 2153.4980000000214 15.461263488514513 84.53873651148548
421 1948.689000000013 16.793164019503493 83.2068359804965
422 2310.171999999904 14.041837144578867 85.95816285542114
423 2110.2780000000494 15.882951440530965 84.11704855946904
424 2182.6480000000447 14.42144633489821 85.5785536651018
425 2156.011999999988 15.040035027635062 84.95996497236494
426 2121.973999999929 15.230156919928062 84.76984308007194
427 2065.472000000067 16.083454048279687 83.91654595172031
428 2159.497999999905 14.060127863048717 85.93987213695128
429 2018.8150000000605 16.586283042282997 83.413716957717
430 2180.633999999962 14.9389562851959 85.0610437148041
431 2137.886999999988 15.07257539803582 84.92742460196418
432 2093.4440000000177 15.56716539825922 84.43283460174078
433 2117.712999999989 15.681583859567302 84.3184161404327
434 2278.378000000026 14.821823244419233 85.17817675558076
435 2164.3040000000037 14.726704289223727 85.27329571077627
436 2097.488000000012 14.997358268553143 85.00264173144686
437 2153.5590000000084 14.408643552385369 85.59135644761463
438 2143.8610000000335 14.310523863258886 85.68947613674112
439 2140.1089999999385 15.555188544143961 84.44481145585604
440 2254.847000000067 14.44074742100442 85.55925257899558
441 2047.6809999999823 16.5050933226322 83.4949066773678
442 2083.0740000000224 15.863025029355255 84.13697497064474
443 2177.716999999946 14.116943110615734 85.88305688938426
444 2074.746000000043 15.024993420878543 84.97500657912146
445 2100.8819999999832 15.349018650269036 84.65098134973097
446 2118.042999999947 15.312773158999274 84.68722684100072
447 2079.56799999997 15.798813503556843 84.20118649644316
448 2324.8210000001127 14.02857725389838 85.97142274610162
449 2116.3959999999497 15.67620993425759 84.32379006574241
450 2126.0849999999627 16.067097975861167 83.93290202413883
451 2229.908999999985 14.091200582625007 85.908799417375
452 2168.639000000083 14.635235278902783 85.36476472109722
453 2110.6720000000205 14.824552085773254 85.17544791422675
454 2046.08899999992 15.82360151489419 84.1763984851058
455 2102.4470000000438 14.572326436761646 85.42767356323836
456 2056.185999999987 16.38840892798671 83.61159107201328
457 2166.6879999999655 13.769282887069984 86.23071711293002
458 2095.935999999987 15.704133141461963 84.29586685853803
459 2122.389000000083 14.994917519832217 85.00508248016779
460 2128.5559999999823 15.07840197767939 84.92159802232061
461 2076.4959999999264 14.499977365724945 85.50002263427506
462 2146.85699999996 14.957193236446784 85.04280676355322
463 2023.6470000001136 16.21360395365412 83.78639604634589
464 2144.905999999959 15.256850416753604 84.74314958324639
465 2157.496999999974 14.22626219176667 85.77373780823334
466 2112.929999999935 15.279581434318299 84.7204185656817
467 2098.787000000011 14.67553162852997 85.32446837147003
468 2104.816000000108 14.716632712780802 85.28336728721919
469 2143.8899999998976 14.345984168978438 85.65401583102157
470 2103.7630000000354 15.836449257809502 84.1635507421905
471 2085.600000000093 15.973815209052445 84.02618479094755
472 2215.716999999946 14.965929764485239 85.03407023551476
473 2109.3000000000466 15.328932821324912 84.67106717867509
474 2063.53199999989 16.053651700114703 83.9463482998853
475 2093.506000000052 16.07271438435534 83.92728561564466
476 2212.851000000024 14.139469399415322 85.86053060058468
477 2203.351000000024 14.2345168790113 85.7654831209887
478 2152.0389999998733 15.392234992032153 84.60776500796784
479 2117.19700000016 15.655571493807487 84.34442850619251
480 2060.6639999998733 15.980515018452698 84.01948498154731
481 2189.3310000000056 14.415906959707394 85.5840930402926
482 2093.2620000001043 15.247808444435975 84.75219155556402
483 2075.3619999999646 14.802773684768955 85.19722631523105
484 2088.6180000000168 14.879533260748588 85.12046673925141
485 2165.6299999998882 14.404431504933662 85.59556849506635
486 2075.9820000000764 15.889725922502084 84.11027407749792
487 2168.121000000043 14.284474897870783 85.71552510212922
488 2106.2320000000764 15.414319030396506 84.58568096960349
489 2153.81399999978 13.863000704785227 86.13699929521478
490 2185.035000000149 14.168302567228942 85.83169743277105
491 2075.9560000000056 15.950239793126364 84.04976020687363
492 2113.44299999997 14.83605519521684 85.16394480478316
493 2142.5460000000894 14.46116256077071 85.5388374392293
494 2075.154999999795 15.731112133786777 84.26888786621322
495 2112.0709999999963 15.047318485012283 84.95268151498772
496 2086.6080000000075 15.213259989423817 84.78674001057618
497 2084.4830000000075 16.504719395621535 83.49528060437846
498 2021.9300000001676 16.317543139486766 83.68245686051324
499 2256.4539999999106 13.910580494878037 86.08941950512197
500 2101.594999999972 15.281282073854696 84.7187179261453
501 2121.904000000097 15.308230249811592 84.69176975018841
502 2056.8329999998678 15.537847749445502 84.4621522505545
503 2184.636000000173 14.044601022791953 85.95539897720805
504 2112.2619999998715 15.2886772568858 84.7113227431142
505 2127.44299999997 15.006458927475618 84.99354107252438
506 2078.662000000011 15.931934099921987 84.06806590007801
507 2111.847000000067 15.29169774134465 84.70830225865535
508 2040.2009999998845 16.068835864717414 83.93116413528259
509 2122.219000000041 15.450530788773657 84.54946921122634
510 2103.2110000001267 16.04712365996287 83.95287634003714
511 2248.148999999976 14.106463584044523 85.89353641595548
512 2098.564999999944 16.062065268408556 83.93793473159144
513 2115.273999999976 14.846635944081704 85.1533640559183
514 2121.1480000000447 15.65707249090722 84.34292750909277
515 2145.3929999999236 15.142822317390117 84.85717768260989
516 2146.878999999957 14.284815306307852 85.71518469369215
517 2153.9640000001527 15.0734993713928 84.9265006286072
518 2168.158000000054 15.007683480628062 84.99231651937194
519 2115.8019999999087 14.736403028245936 85.26359697175407
520 2165.101000000024 14.914522232478838 85.08547776752116
521 2117.0819999999367 15.150293186558406 84.8497068134416
522 2059.0800000000745 15.891455407327923 84.10854459267208
523 2101.2079999998678 15.186577911351003 84.81342208864899
524 2097.44700000016 14.669052424234636 85.33094757576536
525 2077.594000000041 15.589943944751361 84.41005605524865
526 2128.2289999998175 15.094152461977442 84.90584753802256
527 2121.256000000052 14.93223684458268 85.06776315541732
528 2172.0840000000317 14.323556087174111 85.67644391282589
529 2097.5090000000782 14.830514672417353 85.16948532758265
530 2141.277999999933 15.195386119891694 84.8046138801083
531 2140.2299999999814 14.504614924559773 85.49538507544023
532 2193.094000000041 14.052578685632005 85.947421314368
533 2107.5509999999776 15.297226022067752 84.70277397793225
534 2129.6939999999013 14.815200211849783 85.18479978815022
535 2064.2100000001956 15.67954568574711 84.32045431425288
536 2191.8229999998584 14.014881219873923 85.98511878012607
537 2067.16100000008 15.716678091375627 84.28332190862437
538 2147.241999999853 14.954976197358109 85.0450238026419
539 2068.8060000000987 15.8244673497479 84.1755326502521
540 2193.1159999999218 14.201980196215686 85.79801980378431
541 2121.9280000000726 14.754584509923841 85.24541549007616
542 2083.1359999999404 15.51015200163273 84.48984799836727
543 2199.7970000000205 14.244128435495728 85.75587156450428
544 2145.5130000000354 15.082091322659535 84.91790867734046
545 2161.3870000001043 14.38840152178869 85.6115984782113
546 2078.4539999999106 15.406155729219485 84.59384427078052
547 2165.8829999999143 15.211670251818541 84.78832974818145
548 2123.5190000000875 15.379499312233197 84.6205006877668
549 2028.6750000000466 15.608664275947392 84.39133572405261
550 2072.6729999999516 16.042201061156707 83.9577989388433
551 2097.9259999999776 15.465935404770054 84.53406459522995
552 2155.122999999905 14.916418227627236 85.08358177237277
553 2160.3250000001863 14.532668927169818 85.46733107283018
554 2045.091999999946 16.21824935012252 83.78175064987748
555 2170.8340000000317 14.181503514335503 85.8184964856645
556 2058.8909999998286 16.301772167625977 83.69822783237402
557 2085.3240000000224 16.87897899797045 83.12102100202955
558 2095.3720000002068 15.172252946010994 84.827747053989
559 2080.0809999997728 15.48680940790263 84.51319059209737
560 2101.477000000188 16.428354914194255 83.57164508580574
561 2069.647999999812 15.75085570107189 84.24914429892812
562 2103.5230000000447 16.01815097816148 83.98184902183851
563 2148.0709999999963 14.526365748602357 85.47363425139764
564 2101.560999999987 15.987082935013175 84.01291706498682
565 2093.8549999999814 15.458425249139578 84.54157475086042
566 2119.942000000039 14.73124076037986 85.26875923962014
567 2144.06799999997 15.36253934109236 84.63746065890764
568 2125.3620000001974 15.769238369727873 84.23076163027213
569 2096.618999999948 14.854314493950804 85.14568550604919
570 2133.780999999959 15.073225884024485 84.92677411597552
571 2155.875999999931 15.250981503582366 84.74901849641763
572 2122.7669999999925 15.036094399441936 84.96390560055806
573 2088.967000000179 15.728566320103655 84.27143367989635
574 2165.208999999799 15.320385699491087 84.67961430050892
575 2088.2399999999907 15.016161935401604 84.9838380645984
576 2168.8350000001956 14.32529860501068 85.67470139498931
577 2050.488999999827 15.772985370804534 84.22701462919547
578 2089.905999999959 14.688743417158268 85.31125658284174
579 2145.402000000002 14.979869506951813 85.02013049304819
580 2078.1700000001583 15.19562884654623 84.80437115345377
581 2190.839999999851 14.105250497513294 85.8947495024867
582 2087.567000000039 15.127503452599008 84.872496547401
583 2066.432999999961 15.780812637036757 84.21918736296324
584 2187.3060000000987 14.965152109497454 85.03484789050255
585 2028.6759999999776 16.613882157620203 83.3861178423798
586 2201.0709999999963 14.827120070198333 85.17287992980167
587 2129.027000000002 15.035955861556907 84.96404413844309
588 2080.06799999997 15.528095235346697 84.4719047646533
589 2152.7140000001527 15.025130602588257 84.97486939741174
590 2094.774999999907 15.355533649202135 84.64446635079787
591 2033.6310000000522 16.25026762472332 83.74973237527668
592 2155.4250000000466 13.596398854067251 86.40360114593275
593 2123.1759999999776 14.592615967783571 85.40738403221643
594 2131.3040000000037 14.650949841048055 85.34905015895194
595 2133.08899999992 15.069560154322795 84.9304398456772
596 2041.813000000082 16.13877274753009 83.86122725246992
597 2144.309999999823 14.615740261411753 85.38425973858824
598 2144.9529999999795 15.23461399850392 84.76538600149608
599 2120.4880000001285 15.410629062760847 84.58937093723915
600 2177.351000000024 15.690161117799665 84.30983888220034
601 2074.182999999961 15.713152600336242 84.28684739966376
602 2215.6450000000186 14.159288604444589 85.84071139555542
603 2090.1080000000075 14.705428140553831 85.29457185944617
604 2188.6149999999907 14.18386742303468 85.81613257696532
605 2154.627000000095 14.35468598508842 85.64531401491158
606 2052.6089999999385 15.9517545718834 84.0482454281166
607 2127.9839999999385 14.42098295850032 85.57901704149968
608 2158.503000000026 14.511093568071068 85.48890643192894
609 2086.100000000093 15.065904798423361 84.93409520157664
610 2240.0179999999236 13.929803689072271 86.07019631092773
611 2181.121000000043 14.319103800283248 85.68089619971676
612 2089.5479999999516 15.76841498735221 84.23158501264778
613 2158.8869999998715 14.874994383688152 85.12500561631185
614 2121.060000000056 15.731422496276748 84.26857750372325
615 2098.844999999972 15.90772496302216 84.09227503697784
616 2114.910000000149 15.470171307520877 84.52982869247913
617 2063.55700000003 15.553084794835058 84.44691520516494
618 2090.0129999998026 14.625096590279005 85.374903409721
619 2094.3970000001136 16.51424347913646 83.48575652086353
620 2158.654000000097 14.345464349539688 85.65453565046032
621 2099.8809999998193 14.478870469333785 85.52112953066622
622 2053.067000000039 15.298720889300817 84.70127911069918
623 2150.4769999999553 14.664988744336263 85.33501125566374
624 2039.3919999999925 15.952776121523584 84.04722387847642
625 2122.185999999987 15.263792146418526 84.73620785358148
626 2146.996000000043 15.321166876914749 84.67883312308525
627 2118.9790000000503 15.435100583867786 84.56489941613222
628 2047.6829999999609 15.643873099495643 84.35612690050436
629 2119.462999999989 16.373331357990484 83.62666864200952
630 2114.562000000151 15.577517708151268 84.42248229184874
631 2107.7589999998454 15.320640073189395 84.6793599268106
632 2136.3610000000335 14.989241986732932 85.01075801326706
633 2243.688000000082 13.758946431079085 86.24105356892092
634 2026.1909999998752 16.479319077075054 83.52068092292495
635 2058.4640000001527 15.793320164938066 84.20667983506193
636 2131.843999999808 15.512394434125817 84.48760556587419
637 2161.905000000028 15.07688820738298 84.92311179261702
638 2102.8690000001807 15.177626851671436 84.82237314832857
639 2115.2559999998193 15.810072161485955 84.18992783851405
640 2145.1680000000633 15.04104760093049 84.95895239906952
641 2056.158999999985 16.302094341943356 83.69790565805664
642 2175.722000000067 14.498300793923907 85.5016992060761
643 2095.0169999999925 15.565941947021159 84.43405805297884
644 2186.3000000000466 14.324386406264106 85.67561359373589
645 2176.684999999823 14.05447136358491 85.94552863641509
646 2068.2410000001546 15.729115707518293 84.27088429248171
647 2116.1969999999274 14.835764345204582 85.16423565479542
648 2140.3370000000577 14.780191156810412 85.21980884318958
649 2106.9899999999907 14.950406504083011 85.049593495917
650 2098.216999999946 15.928951581284117 84.07104841871589
651 2122.4860000000335 16.58247498451694 83.41752501548306
652 2165.344000000041 14.206444333988847 85.79355566601116
653 2164.6629999999423 15.313891353997718 84.68610864600228
654 2074.475000000093 15.518357656785279 84.48164234321472
655 2057.839999999851 16.003696108553058 83.99630389144694
656 2208.8889999999665 15.375890323102078 84.62410967689792
657 2103.312000000151 15.24192559163898 84.75807440836103
658 2089.055999999866 15.868130389973084 84.13186961002691
659 2136.12900000019 14.374196502205038 85.62580349779496
660 2137.3839999998454 15.022119095132306 84.97788090486769
661 2081.0139999999665 15.790965365923396 84.2090346340766
662 2145.871000000043 14.751207784622125 85.24879221537788
663 2103.624000000069 15.569343190631582 84.43065680936841
664 2172.651000000071 14.967649659312631 85.03235034068737
665 2071.903999999864 14.997801056421444 85.00219894357855
666 2122.840000000084 14.822453411486237 85.17754658851376
667 2123.55299999984 14.589967851041777 85.41003214895822
668 2068.5790000001434 16.076900616298182 83.92309938370181
669 2132.251999999862 15.156714121940274 84.84328587805973
670 2093.2690000000875 16.47094281715555 83.52905718284445
671 2155.5740000000224 14.773230703283694 85.2267692967163
672 2084.1669999998994 14.515734103872912 85.48426589612708
673 2028.3670000000857 16.094764408978772 83.90523559102122
674 2067.8019999999087 16.548980511638646 83.45101948836135
675 2258.996000000043 14.180549235118242 85.81945076488176
676 2081.5500000000466 15.479016117789909 84.52098388221009
677 2074.3060000000987 15.700070288578699 84.2999297114213
678 2071.7979999999516 16.08300471381134 83.91699528618867
679 2120.554999999935 15.799605291984559 84.20039470801544
680 2087.469999999972 16.094371176591764 83.90562882340824
681 2124.5109999999404 14.7065465888512 85.2934534111488
682 2166.1750000000466 14.797744872871037 85.20225512712896
683 2077.716000000015 15.785825878029424 84.21417412197057
684 2084.1380000000354 15.184663395622335 84.81533660437766
685 2047.378000000026 15.796448433086427 84.20355156691357
686 2053.945000000065 16.68619412886996 83.31380587113004
687 2249.3310000000056 13.89185984634829 86.1081401536517
688 2109.439999999944 15.787297576577192 84.21270242342281
689 2227.223999999929 13.879056170380814 86.1209438296192
690 2213.3919999999925 14.108010239490703 85.89198976050929
691 2134.8640000000596 14.814296835760073 85.18570316423992
692 2149.4529999999795 14.732594757857209 85.26740524214279
693 2032.1340000000782 16.24201307591222 83.75798692408779
694 2128.3349999999627 15.231656200726187 84.76834379927381
695 2133.619999999879 14.920399133861276 85.07960086613872
696 2135.1689999999944 14.625128034326387 85.3748719656736
697 2227.2080000001006 13.796553801920282 86.20344619807972
698 2097.0379999999423 15.258352972133649 84.74164702786635
699 2110.9839999999385 14.63254103301685 85.36745896698315
700 2065.381000000052 15.987737855629181 84.01226214437082
701 2146.9510000001173 14.481987246107206 85.51801275389279
702 2085.5449999999255 15.388322956348283 84.61167704365172
703 2163.1080000000075 14.618445311079848 85.38155468892015
704 2214.4590000000317 13.976901807625735 86.02309819237426
705 2122.5 14.373813898718634 85.62618610128136
706 2069.186999999918 15.645356847884035 84.35464315211597
707 2244.1140000000596 13.731832696580792 86.2681673034192
708 2213.368999999948 14.78862403874437 85.21137596125563
709 2214.6729999999516 14.59540799024267 85.40459200975732
710 2180.3370000000577 14.551139571561523 85.44886042843848
711 2011.125999999931 16.355643554906273 83.64435644509373
712 2249.5790000001434 14.591487562768734 85.40851243723127
713 2080.2120000000577 15.374983415150261 84.62501658484973
714 2116.4789999998175 14.441653330846387 85.55834666915361
715 2207.3209999999963 14.686863396867153 85.31313660313285
716 2045.8950000000186 16.126480097944064 83.87351990205593
717 2264.7040000001434 13.441273120046374 86.55872687995362
718 2260.2409999999218 13.782961639970528 86.21703836002948
719 2107.4909999999218 14.95055305100437 85.04944694899564
720 2046.6740000001155 16.457900965173994 83.54209903482601
721 2164.902000000002 15.76338328475228 84.23661671524772
722 2071.805999999866 15.60740049986625 84.39259950013376
723 2115.378000000026 15.492135211765806 84.5078647882342
724 2086.1170000000857 14.940588663083702 85.0594113369163
725 2069.19299999997 14.75701589945428 85.24298410054573
726 2147.813000000082 14.724916461542076 85.27508353845792
727 2130.6040000000503 15.502844733201554 84.49715526679844
728 2119.0079999999143 15.327924670404034 84.67207532959597
729 2195.2360000000335 14.004063344454112 85.99593665554589
730 2110.44299999997 15.54992435235607 84.45007564764393
731 2060.440999999875 15.92326011762224 84.07673988237777
732 2126.191000000108 15.525010217860217 84.47498978213979
733 2177.78199999989 14.52235806889856 85.47764193110145
734 2118.944000000134 14.668920934199603 85.3310790658004
735 2123.180999999866 15.576793970890062 84.42320602910993
736 2133.0490000001155 15.861668906797599 84.1383310932024
737 2179.0069999999832 15.164690154742253 84.83530984525774
738 2166.83899999992 14.90034884918567 85.09965115081432
739 2071.7110000001267 14.884100629874709 85.11589937012529
740 2071.930999999866 15.831681170861057 84.16831882913894
741 2058.376000000164 15.880924573521096 84.1190754264789
742 2124.747999999905 15.055496463548646 84.94450353645135
743 2163.621000000043 15.369655776121755 84.63034422387824
744 2103.4560000000056 14.846416563977428 85.15358343602257
745 2207.4459999999963 13.798354297218198 86.2016457027818
746 2167.315999999875 14.218508514695397 85.7814914853046
747 2103.1190000001807 15.469118009983646 84.53088199001635
748 2115.3829999999143 15.365301697121026 84.63469830287897
749 2094.5810000000056 15.85431215121313 84.14568784878688
750 2060.337999999989 15.872819896515464 84.12718010348453
751 2131.124000000069 14.889618811450484 85.11038118854951
752 2123.1650000000373 14.320705173670422 85.67929482632958
753 2077.4560000000056 15.331773091686909 84.66822690831309
754 2098.684999999823 15.474417075438271 84.52558292456173
755 2187.398999999976 14.218928965416527 85.78107103458348
756 2150.4500000001863 14.389174358836964 85.61082564116303
757 2088.3519999999553 14.410978130093415 85.58902186990659
758 2054.2989999998827 16.652795430439294 83.3472045695607
759 2113.6460000001825 15.43121270069323 84.56878729930676
760 2041.9329999999609 15.977161836363981 84.02283816363602
761 2180.433999999892 14.219632880443275 85.78036711955673
762 2096.3219999999274 16.388999876943984 83.61100012305602
763 2095.9200000001583 16.010357265509413 83.98964273449059
764 2184.347999999998 14.16107872919736 85.83892127080264
765 2165.062999999849 15.06995131320203 84.93004868679797
766 2069.7390000000596 15.700976789838899 84.2990232101611
767 2125.4240000001155 14.591965179676436 85.40803482032356
768 2158.092999999877 15.101952047504794 84.8980479524952
769 2043.9370000001509 15.990942969413297 84.0090570305867
770 2077.2939999999944 16.197703358334163 83.80229664166583
771 2290.721999999834 13.815560770806917 86.18443922919309
772 2161.716000000015 14.573503642437455 85.42649635756254
773 2143.1680000000633 14.176695434024825 85.82330456597518
774 2343.4250000000466 14.034243895138085 85.96575610486191
775 2129.4890000000596 15.398689075185182 84.60131092481481
776 2179.896999999881 14.820408487203615 85.17959151279638
777 2132.69299999997 16.54171322361285 83.45828677638715
778 2189.6040000000503 14.335900464166679 85.66409953583332
779 2073.4189999999944 15.218086648220114 84.78191335177989
780 2209.7020000000484 14.361427921045177 85.63857207895482
781 2328.9520000000484 14.246084075571453 85.75391592442855
782 2068.0179999999236 15.48631926802325 84.51368073197675
783 2097.192000000039 15.497996368439578 84.50200363156043
784 2314.9169999998994 13.250977464853756 86.74902253514624
785 2054.993999999948 15.087239184151965 84.91276081584803
786 2188.4580000001006 15.178343381485757 84.82165661851424
787 2129.6959999999963 15.08708285125949 84.9129171487405
788 2096.341000000015 14.409199171308288 85.59080082869171
789 2113.000999999931 15.09821008129455 84.90178991870545
790 2100.688000000082 15.518136915143144 84.48186308485685
791 2105.4779999998864 15.092765633276159 84.90723436672384
792 2135.3840000000782 15.16060624224005 84.83939375775995
793 2039.0120000001043 16.111073402212956 83.88892659778705
794 2080.4579999998678 15.712604628373361 84.28739537162664
795 2120.9569999999367 14.519829963553315 85.48017003644668
796 2173.853000000119 13.989387046861482 86.01061295313852
797 2100.503999999957 14.873036185629626 85.12696381437037
798 2254.252000000095 14.300344859398395 85.6996551406016
799 2155.472999999998 14.61663217308124 85.38336782691876
800 2085.6959999999963 15.401536944976893 84.5984630550231
801 2086.7999999998137 14.895785892284847 85.10421410771515
802 2176.2100000001956 15.149740144568502 84.8502598554315
803 2106.30700000003 15.677320067769957 84.32267993223005
804 2188.1729999999516 14.840792752660631 85.15920724733937
805 2138.9849999998696 14.879044967581084 85.12095503241892
806 2096.9560000000056 14.30337498737402 85.69662501262599
807 2124.4220000000205 14.84896079970989 85.15103920029011
808 2044.7949999999255 15.567812910368719 84.43218708963128
809 2115.092000000179 15.751012721914586 84.24898727808541
810 2137.287000000011 14.68247642923275 85.31752357076725
811 2087.682999999961 15.293933513865623 84.70606648613438
812 2056.503999999957 15.567865173116186 84.43213482688381
813 2100.7669999999925 15.533509903780526 84.46649009621947
814 2107.1699999999255 15.544446342743475 84.45555365725653
815 2112.5090000000782 14.81018021698006 85.18981978301994
816 2109.9869999999646 14.769952137122305 85.2300478628777
817 2052.466999999946 15.919309786696601 84.0806902133034
818 2141.8320000001695 14.378439578838428 85.62156042116158
819 2072.743999999948 15.843879417793236 84.15612058220677
820 2157.4269999999087 14.47847227276145 85.52152772723855
821 2182.7020000000484 13.984198942385712 86.01580105761428
822 2184.4790000000503 15.19919623856494 84.80080376143506
823 2072.3549999999814 14.711754501540215 85.28824549845979
824 2150.719000000041 14.384612308746133 85.61538769125387
825 2107.1739999998827 14.626543892411147 85.37345610758885
826 2122.883000000147 15.368013687034903 84.6319863129651
827 2111.375999999931 14.965018547137154 85.03498145286285
828 2149.3330000001006 14.75795467710275 85.24204532289725
829 2108.929999999935 14.48972654377409 85.51027345622592
830 2151.5 14.502579595606683 85.49742040439332
831 2158.310000000056 14.570564469401159 85.42943553059884
832 2064.936999999918 15.7552995563418 84.2447004436582
833 2086.9210000000894 15.62284628885357 84.37715371114643
834 2103.960999999894 15.460849797123108 84.5391502028769
835 2193.912000000011 14.137167762437345 85.86283223756266
836 2161.9799999999814 15.14122193544386 84.85877806455613
837 2145.942000000039 14.438926587964328 85.56107341203567
838 2141.960999999894 15.03804224263288 84.96195775736712
839 2078.064000000013 15.233310908624647 84.76668909137535
840 2140.502000000095 15.00457462782267 84.99542537217732
841 2112.0389999998733 16.235147646411082 83.76485235358892
842 2087.3630000001285 15.572630155843145 84.42736984415686
843 2263.158999999985 14.378769233608024 85.62123076639197
844 2127.722999999998 15.419114236217407 84.58088576378259
845 2061.091000000015 15.323817822677425 84.67618217732257
846 2104.405000000028 15.457070288244054 84.54292971175595
847 2101.211999999825 15.092775502906914 84.90722449709308
848 2066.312000000151 15.512290980254917 84.48770901974508
849 2163.064999999944 15.08169010179809 84.91830989820191
850 2115.7900000000373 14.872173514411887 85.12782648558812
851 2106.898999999976 15.244057261374671 84.75594273862532
852 2105.4480000000913 15.150363248061938 84.84963675193806
853 2071.996999999974 15.158295113321538 84.84170488667846
854 2108.1080000000075 14.913987328929421 85.08601267107058
855 2056.9150000000373 15.712262295725884 84.28773770427412
856 2143.214999999851 15.141926964844703 84.8580730351553
857 2192.0810000000056 14.977250840642753 85.02274915935725
858 2131.273999999976 15.136321280118445 84.86367871988156
859 2110.5130000000354 15.081240437771543 84.91875956222846
860 2123.43200000003 14.965764856142872 85.03423514385713
861 2107.091000000015 15.305688268803289 84.6943117311967
862 2170.369999999879 14.156896750335335 85.84310324966467
863 2094.626000000164 15.423587313389787 84.57641268661021
864 2184.5799999998417 15.319169359780254 84.68083064021974
865 2091.280000000028 14.846856470683761 85.15314352931624
866 2187.3900000001304 14.277303087246127 85.72269691275388
867 2058.5540000000037 16.130903537148505 83.8690964628515
868 2319.3340000000317 13.856120765715325 86.14387923428467
869 2070.844999999972 15.626515746013405 84.37348425398659
870 2133.5500000000466 15.48542194935585 84.51457805064415
871 2064.939999999944 14.94565895379211 85.0543410462079
872 2037.189000000013 16.289596105224415 83.71040389477558
873 2098.753000000026 15.894552622451108 84.1054473775489
874 2215.3519999999553 14.58182311437636 85.41817688562364
875 2083.2879999999423 14.662060646429936 85.33793935357006
876 2189.2990000001155 13.996169093404506 86.0038309065955
877 2102.190999999875 15.146383463718674 84.85361653628132
878 2041.5779999999795 16.324795819672882 83.67520418032711
879 2179.5520000001416 15.193270910736512 84.80672908926348
880 2077.875999999931 15.929943365228194 84.0700566347718
881 2084.2379999998957 15.85239209726084 84.14760790273917
882 2093.7320000000764 14.49095204160252 85.50904795839747
883 2122.0120000001043 14.560269687473523 85.43973031252648
884 2095.652999999933 14.676507513423772 85.32349248657623
885 2075.250999999931 14.798610866829986 85.20138913317001
886 2087.7690000000875 14.641243355950595 85.35875664404941
887 2011.1939999999013 16.342919181350545 83.65708081864946
888 2172.445000000065 15.44596940310807 84.55403059689193
889 2114.6359999999404 15.44517779888334 84.55482220111666
890 2190.688000000082 14.557973111625666 85.44202688837433
891 2133.564000000013 15.431029957361057 84.56897004263894
892 2309.6629999999423 13.245573488445118 86.75442651155488
893 2047.8859999999404 15.794313745983713 84.20568625401629
894 2179.304999999935 14.769192471881738 85.23080752811826
895 2110.529000000097 15.535133608678853 84.46486639132115
896 2093.006000000052 15.782686719482038 84.21731328051796
897 2173.6049999999814 14.459647452060109 85.54035254793989
898 2175.686999999918 14.588931679964942 85.41106832003506
899 2126.853000000119 13.874487799581436 86.12551220041857
900 2158.744999999879 14.847837053467208 85.1521629465328
901 2056.7369999999646 16.6096433331218 83.3903566668782
902 2115.903000000166 14.930679714512504 85.06932028548749
903 2252.972999999998 15.060376222903404 84.9396237770966
904 2120.472999999998 15.378381144208472 84.62161885579152
905 2143.560999999987 15.655884297189285 84.34411570281071
906 2079.2949999999255 15.927428287007995 84.072571712992
907 2134.4799999999814 15.676805123503135 84.32319487649687
908 2194.8670000000857 15.006209487869773 84.99379051213023
909 2062.3599999998696 15.820814503768336 84.17918549623167
910 2130.9830000000075 15.864893807224165 84.13510619277584
911 2095.6130000001285 15.614086665791522 84.38591333420848
912 2118.0230000000447 15.269169409387825 84.73083059061217
913 2133.6379999998026 14.511124661263874 85.48887533873612
914 2083.8350000001956 14.82637924785436 85.17362075214564
915 2070.2589999998454 17.33366066758612 82.66633933241388
916 2108.819000000134 15.467393360903229 84.53260663909677
917 2138.810999999987 15.193583724796229 84.80641627520377
918 2110.2930000000633 14.30821312488767 85.69178687511233
919 2065.278999999864 15.626485816196872 84.37351418380312
920 2195.381000000052 14.18194518401361 85.81805481598639
921 2068.0870000000577 15.274282948423773 84.72571705157623
922 2345.2579999999143 13.125636497137346 86.87436350286265
923 2106.311999999918 15.947606527413768 84.05239347258623
924 2120.781000000192 14.503098151129906 85.4969018488701
925 2099.1979999998584 14.948748522080496 85.05125147791951
926 2125.6019999999553 14.855515284632862 85.14448471536714
927 2161.852000000188 14.751688367177834 85.24831163282217
928 2115.7869999997783 14.588954370176513 85.41104562982349
929 2117.406000000192 14.70606251232745 85.29393748767255
930 2099.9249999998137 15.343085110216975 84.65691488978302
931 2186.1440000000875 14.909268556880093 85.0907314431199
932 2116.8649999999907 14.604234091450124 85.39576590854988
933 2172.0749999999534 14.540066986610867 85.45993301338913
934 2126.752000000095 14.482165292398241 85.51783470760176
935 2083.2409999999218 14.570968025291133 85.42903197470886
936 2168.4930000000168 14.448582494846235 85.55141750515376
937 2083.5250000001397 15.041204689159935 84.95879531084006
938 2115.7600000000093 14.795190380771928 85.20480961922807
939 2135.4819999998435 14.37141638281155 85.62858361718845
940 2082.060000000056 16.056731314171792 83.9432686858282
941 2085.097000000067 15.10787747522925 84.89212252477076
942 2108.653999999864 14.812281199291755 85.18771880070824
943 2063.0409999999683 15.891082629985073 84.10891737001492
944 2219.564000000013 14.167728887303237 85.83227111269676
945 2097.0 15.549524558912028 84.45047544108797
946 2206.0150000001304 14.475335389820165 85.52466461017984
947 2188.722999999998 14.168174775886463 85.83182522411354
948 2082.162000000011 15.91046758128993 84.08953241871006
949 2115.784999999916 16.886138714475074 83.11386128552493
950 2161.317000000039 15.758187716097577 84.24181228390242
951 2105.3659999999218 14.468499063834173 85.53150093616583
952 2076.028000000166 15.469641064554946 84.53035893544505
953 2216.902999999933 14.57583123842961 85.42416876157039
954 2049.3519999999553 15.395016083134482 84.60498391686552
955 2164.429999999935 14.67976973152487 85.32023026847513
956 2154.403999999864 15.1727187658522 84.8272812341478
957 2184.1990000000224 14.163221391434444 85.83677860856555
958 2113.599000000395 15.399525643249476 84.60047435675052
959 2196.216000000015 14.25793728847544 85.74206271152457
960 2073.4449999998324 15.448606063798387 84.5513939362016
961 2105.498999999836 16.230986573726945 83.76901342627306
962 2293.00400000019 13.805073170418156 86.19492682958185
963 2341.804999999702 13.202158591402766 86.79784140859724
964 2220.976000000257 14.73196288481587 85.26803711518413
965 2046.092999999877 16.038330124877927 83.96166987512207
966 2145.3560000001453 14.999443449009997 85.00055655099
967 2108.532999999821 16.41621022772427 83.58378977227574
968 2138.1159999999218 15.526780118534555 84.47321988146544
969 2141.6240000003017 14.916299032902854 85.08370096709714
970 2111.243999999948 14.984888530147824 85.01511146985217
971 2108.4819999998435 15.887337904722523 84.11266209527747
972 2423.837999999989 13.149090409480682 86.85090959051932
973 2131.3650000002235 15.464554405288672 84.53544559471133
974 2080.7299999999814 15.392411797809661 84.60758820219034
975 2124.463999999687 16.46533431490561 83.53466568509438
976 2077.730000000447 16.0253724015437 83.9746275984563
977 2118.027999999933 15.608851724374778 84.39114827562523
978 2210.461999999825 14.368635154076504 85.6313648459235
979 2128.9799999999814 14.221883249256152 85.77811675074385
980 2122.131000000052 15.289874187760748 84.71012581223926
981 2081.123999999836 14.993531380136751 85.00646861986326
982 2053.94299999997 15.613913336399918 84.38608666360008
983 2154.2299999999814 14.714008253501495 85.28599174649851
984 2104.3600000003353 15.476394723346697 84.5236052766533
985 2102.31399999978 15.66532306790574 84.33467693209425
986 2107.00400000019 15.919889093700586 84.08011090629941
987 2206.9180000000633 13.767627523958756 86.23237247604125
988 2045.9569999999367 15.276474530039733 84.72352546996026
989 2274.364999999758 13.704556216755462 86.29544378324454
990 2113.130000000354 14.840246459017228 85.15975354098278
991 2303.6439999998547 13.786824266233804 86.21317573376619
992 2181.658999999985 14.217976319848677 85.78202368015133
993 2043.373999999836 16.34627924211968 83.65372075788032
994 2176.973999999929 14.872244225233722 85.12775577476629
995 2134.0180000001565 15.614165859948667 84.38583414005133
996 2117.5150000001304 15.42943591893774 84.57056408106226
997 2174.5169999999925 14.676805010039413 85.32319498996058
998 2129.033999999985 15.127839668129143 84.87216033187086
999 2068.8169999998063 14.894835067567117 85.10516493243288
1000 2116.8270000000484 15.08746061915451 84.91253938084549
1001 2138.5729999998584 15.249798814437982 84.75020118556202
1002 2186.069000000134 14.025748043647054 85.97425195635294
1003 2403.81799999997 13.37236429708028 86.62763570291972
1004 2159.19700000016 14.67155011798488 85.32844988201512
1005 2203.808999999892 15.778665483333251 84.22133451666674
1006 2211.842000000179 13.557648331078425 86.44235166892157
1007 2228.926999999676 14.710751406374023 85.28924859362598
1008 2148.0900000003166 14.308225446783457 85.69177455321655
1009 2080.2599999997765 15.480584157722221 84.51941584227778
mean: 2120.294 std: 54.612
DurationTime(%): 15.141 std: 0.687
IdleTime(%): 84.859 std: 0.687 
