11 373.7810000000027 80.12984608635769 19.870153913642312
12 367.45499999999447 81.88859316105393 18.111406838946067
13 364.25700000000506 82.63311068834892 17.36688931165108
14 364.627999999997 82.53627258466233 17.463727415337672
15 342.23799999999756 87.74831549975897 12.251684500241026
16 358.81600000000617 83.77153471417078 16.228465285829216
17 345.05799999999726 87.70808385837067 12.29191614162933
18 355.21600000000035 84.7464190802295 15.2535809197705
19 360.5199999999968 83.61869799178304 16.381302008216963
20 351.0480000000025 85.17508431897849 14.824915681021508
21 343.98799999999756 87.72026059047955 12.279739409520445
22 314.76900000000023 94.31289930076981 5.687100699230186
23 354.50300000000425 84.91079059979415 15.089209400205846
24 346.21199999999953 85.83177070696614 14.16822929303386
25 334.6080000000002 90.02648472241641 9.973515277583587
26 372.02999999999884 81.1075020831715 18.892497916828503
27 355.7569999999978 84.58346849114493 15.416531508855073
28 326.54500000000553 90.76824633662248 9.231753663377518
29 324.8689999999988 92.23853307024447 7.761466929755528
30 372.7350000000006 80.75710088936276 19.24289911063724
31 336.4259999999995 89.76985131945713 10.230148680542868
32 366.5400000000009 81.8970999072419 18.102900092758105
33 356.04899999999907 84.99758179352466 15.00241820647534
34 315.3790000000008 95.05435365067349 4.945646349326509
35 318.3439999999973 94.85858065487498 5.141419345125016
36 369.96100000000297 81.56113482232486 18.43886517767514
37 340.8729999999996 88.39379475640405 11.606205243595952
38 357.4889999999941 84.2875696874517 15.712430312548307
39 336.1020000000062 89.6946998232656 10.305300176734406
40 352.9389999999985 83.5337919583775 16.466208041622494
41 311.737000000001 96.24097556596041 3.7590244340395884
42 350.45099999999366 86.11071733282635 13.889282667173646
43 374.7130000000034 80.56533933971393 19.43466066028607
44 350.5500000000029 85.90973327626418 14.090266723735823
45 340.7069999999949 88.70744363925944 11.292556360740562
46 322.91300000000047 92.26233381746884 7.737666182531157
47 326.5980000000054 92.44201434177785 7.557985658222151
48 356.3999999999942 84.343953423122 15.656046576877998
49 330.93100000000413 90.93894497643899 9.06105502356101
50 357.2699999999968 81.96162846026628 18.038371539733717
51 360.2130000000034 83.74923448072745 16.250765519272548
52 373.6399999999994 80.75317685474042 19.246823145259583
53 346.0570000000007 86.97090941668795 13.029090583312055
54 347.61499999999796 86.59358773355055 13.40641226644945
55 319.60599999999977 93.67021895712537 6.329781042874629
56 345.72099999999773 87.31643145774378 12.683568542256225
57 360.1419999999998 83.03011312205311 16.96988687794689
58 323.51000000000204 92.38951191617717 7.61048808382283
59 361.8020000000033 83.17239263464793 16.827607365352065
60 371.84300000000076 79.55280050988243 20.44719949011757
61 331.7089999999953 90.9619093844303 9.0380906155697
62 345.35199999999895 86.12779425052764 13.872205749472357
63 317.55800000000454 94.91739146864174 5.082608531358261
64 330.78399999999965 89.48701267292401 10.51298732707599
65 336.4850000000006 89.86998231719932 10.130017682800684
66 332.7540000000008 89.6319292930919 10.3680707069081
67 376.48999999999796 79.75158437143818 20.248415628561816
68 354.1419999999998 84.07194571668398 15.928054283316015
69 350.59100000000035 86.13034846875652 13.869651531243477
70 381.15499999999884 78.81238341358274 21.187616586417263
71 365.0590000000011 82.61919854051911 17.380801459480892
72 344.7639999999956 87.80484911418615 12.195150885813845
73 333.2780000000057 90.22742875318018 9.772571246819822
74 341.8889999999956 87.80549827576448 12.194501724235522
75 336.86699999999837 89.61242270688747 10.387577293112528
76 340.80100000000675 87.32546852852161 12.674531471478389
77 339.0769999999975 87.46889939454859 12.531100605451414
78 360.8179999999993 83.5038828439834 16.496117156016595
79 365.5829999999987 82.7459619292966 17.254038070703402
80 370.2830000000031 81.48355447049462 18.516445529505376
81 329.53600000000006 92.12759759176119 7.872402408238813
82 372.9099999999962 81.16623850259462 18.833761497405376
83 350.83400000000256 85.8051927692064 14.1948072307936
84 331.7270000000062 90.3706782986962 9.629321701303795
85 336.03499999998894 89.50473611378625 10.495263886213749
86 365.5350000000035 82.1591311365849 17.840868863415096
87 362.1429999999964 83.45082467423207 16.549175325767933
88 359.1820000000007 84.13162129504089 15.868378704959113
89 383.2410000000091 77.13985194695354 22.86014805304646
90 363.5179999999964 81.77250369990979 18.22749630009021
91 341.9109999999928 88.60268022965691 11.397319770343088
92 319.9070000000065 94.27806206177651 5.7219379382234905
93 326.5720000000001 92.36621020786285 7.633789792137151
94 333.11999999999534 91.14742134965788 8.852578650342124
95 335.1490000000049 90.14723302169061 9.85276697830939
96 313.8819999999978 95.19144136964297 4.808558630357027
97 360.40499999999884 83.79219489183122 16.207805108168785
98 362.68700000000536 83.77981565369325 16.220184346306752
99 336.78899999998976 89.71025181937914 10.289748180620862
100 351.00700000001234 84.13398308296154 15.866016917038465
101 341.9859999999899 87.94080751849127 12.059192481508731
102 337.60199999999895 89.71624871888658 10.283751281113425
103 359.7560000000085 82.97897741800863 17.021022581991375
104 348.0479999999952 87.01685974347464 12.98314025652536
105 353.346000000005 85.5864195434775 14.413580456522496
106 359.1009999999951 82.15812264515253 17.84187735484747
107 372.05100000000675 79.55290000565138 20.44709999434862
108 321.6149999999907 93.7844876638342 6.215512336165801
109 305.33600000001024 98.32048300888792 1.6795169911120809
110 381.6369999999879 78.90192512779727 21.09807487220273
111 350.99800000000687 86.04382646050182 13.956173539498181
112 342.29899999999907 88.21604795811945 11.783952041880553
113 347.61500000000524 85.76306546032836 14.236934539671637
114 345.33699999999953 87.85078343759292 12.149216562407076
115 374.58000000000175 80.87148005767368 19.12851994232632
116 377.8119999999908 80.10899071493644 19.89100928506356
117 326.5610000000015 92.40644779992016 7.593552200079841
118 336.8209999999963 90.0987854082675 9.901214591732497
119 352.5430000000051 85.7251228927784 14.274877107221599
120 381.72699999999895 79.64091091274159 20.35908908725841
121 340.1499999999942 88.68325150667911 11.316748493320887
122 364.89700000001176 82.92632715532568 17.07367284467432
123 362.4429999999993 84.0873351120197 15.912664887980299
124 337.74099999999453 89.40669033366973 10.59330966633027
125 362.69199999999546 82.86828769313274 17.131712306867257
126 316.3590000000113 93.76237123016608 6.237628769833918
127 323.28199999999197 91.69794792158822 8.302052078411776
128 368.02900000000955 82.57916631569609 17.420833684303915
129 360.18799999999464 82.80581807281604 17.194181927183962
130 350.29099999999744 85.04255890102978 14.957441098970222
131 347.6270000000077 85.79469949111824 14.205300508881763
132 348.60299999998824 86.83046904354659 13.169530956453414
133 362.2140000000072 84.1056171213936 15.894382878606393
134 374.625 80.73919786454734 19.260802135452664
135 319.07399999999325 94.84198649844893 5.158013501551068
136 321.92600000000675 92.87143008020551 7.1285699197944865
137 360.5329999999958 84.06928908031634 15.930710919683662
138 365.724000000002 80.68566459950286 19.314335400497143
139 342.3329999999987 88.58212617536626 11.417873824633745
140 372.820000000007 81.26287484574951 18.737125154250492
141 329.9279999999999 91.42171019131962 8.578289808680381
142 324.7549999999901 92.23831503747203 7.761684962527966
143 368.9640000000072 81.98437245910333 18.015627540896674
144 365.64400000000023 80.90343612912176 19.096563870878242
145 354.02099999999336 85.7970063922384 14.202993607761599
146 369.0390000000043 82.68326924794668 17.316730752053317
147 333.69400000000314 90.575674120588 9.424325879411995
148 322.25800000000163 94.30934220403063 5.690657795969372
149 345.00599999999395 87.39849162040582 12.60150837959418
150 360.2459999999992 84.52699544196221 15.473004558037786
151 342.903999999995 88.49396040878672 11.50603959121328
152 372.04899999999907 78.76417084843418 21.235829151565824
153 337.8590000000113 90.14587150260493 9.854128497395067
154 355.92399999999907 85.59482923319273 14.405170766807274
155 318.69499999999243 95.40952321181469 4.590476788185313
156 320.8179999999993 92.87511610944419 7.124883890555807
157 371.1280000000115 81.71937444760748 18.28062555239252
158 361.7189999999973 84.28898675491631 15.711013245083691
159 344.33400000000256 86.39769235681105 13.60230764318895
160 346.97299999999814 87.5077196208261 12.492280379173906
161 364.9389999999985 82.43976116553196 17.560238834468038
162 327.4859999999899 92.742929468722 7.2570705312780035
163 353.67600000000675 85.90495821035617 14.09504178964383
164 370.7890000000043 82.16855947720086 17.83144052279914
165 378.07399999999325 80.1480001269278 19.851999873072202
166 372.9060000000027 82.06372919717059 17.936270802829412
167 379.26600000000326 79.86561938057062 20.13438061942938
168 322.28899999998976 94.14853749275044 5.851462507249565
169 436.4380000000092 69.64488885017744 30.355111149822562
170 374.7350000000006 80.03528893746962 19.964711062530384
171 338.1579999999958 89.83130371006531 10.168696289934687
172 361.66100000000733 83.55135610415174 16.448643895848264
173 349.28399999999965 87.38945385416393 12.610546145836068
174 338.53399999999965 89.82008897181731 10.179911028182687
175 368.59500000000116 83.0237496438914 16.976250356108594
176 335.7979999999952 90.43650944909572 9.563490550904277
177 349.13000000000466 87.49721307248927 12.502786927510726
178 338.4799999999959 89.5796649727894 10.420335027210598
179 330.75999999999476 91.78936993591036 8.210630064089642
180 361.4279999999999 82.31012539153065 17.689874608469353
181 389.3920000000071 78.16975438631492 21.83024561368508
182 356.05199999999604 85.24564670330088 14.754353296699122
183 347.3150000000023 85.57320012089282 14.426799879107179
184 321.3680000000022 92.9721720893158 7.027827910684195
185 328.875 92.10832079057091 7.8916792094290855
186 345.26900000000023 88.29114690282354 11.708853097176458
187 351.52700000000186 86.72498556296325 13.275014437036745
188 337.7859999999928 89.49395179192102 10.50604820807898
189 324.9820000000036 93.71759974400283 6.2824002559971746
190 380.1469999999972 80.216560961919 19.783439038081
191 332.56699999999546 91.83326968701542 8.166730312984583
192 376.4389999999985 80.7863026944445 19.2136973055555
193 351.43900000001304 87.07994559506425 12.920054404935755
194 321.21199999999953 94.52623189664087 5.473768103359134
195 361.8579999999929 83.98819150052202 16.01180849947798
196 373.5899999999965 81.18256377312933 18.81743622687067
197 374.49800000000687 81.52448077158023 18.47551922841977
198 360.28800000000047 84.87104760637808 15.128952393621915
199 365.9789999999921 83.2048013683894 16.795198631610603
200 367.2140000000072 80.6508303060401 19.349169693959894
201 328.47499999999127 92.482800822015 7.517199177985006
202 327.88600000001315 92.60479251932236 7.395207480677641
203 337.6729999999952 90.02299561997778 9.977004380022223
204 351.88799999999173 86.16570613376966 13.83429386623034
205 349.6700000000128 87.49890468157243 12.501095318427573
206 331.74899999999616 92.10821735711295 7.891782642887051
207 322.2589999999909 94.45028067486616 5.549719325133836
208 338.8880000000063 88.79424765701982 11.205752342980176
209 361.346000000005 82.90095642401867 17.099043575981327
210 364.43099999999686 82.38558739514089 17.614412604859112
211 335.35599999999977 89.08905759847423 10.910942401525773
212 333.4630000000034 91.47378269853364 8.52621730146636
213 334.9679999999935 89.36637231014922 10.633627689850783
214 351.96800000000803 86.97477895716689 13.02522104283311
215 348.8179999999993 87.19314943607576 12.806850563924243
216 368.5369999999966 82.87378200829859 17.12621799170141
217 374.01699999999255 81.24874270415249 18.75125729584751
218 333.4910000000091 91.40636778798547 8.593632212014526
219 344.7399999999907 88.18669432032505 11.813305679674954
220 358.6560000000027 84.70334247855979 15.29665752144021
221 359.7639999999956 84.77446603884074 15.225533961159258
222 315.4200000000128 96.11499270811966 3.885007291880342
223 317.3220000000001 96.07832737725197 3.9216726227480336
224 342.8609999999899 89.33033503374006 10.669664966259944
225 373.3530000000028 80.84494298961408 19.155057010385917
226 361.18300000000454 84.55343690039363 15.446563099606365
227 318.02099999999336 94.47696221318216 5.523037786817838
228 340.67200000000594 89.418079560376 10.581920439624
229 363.502999999997 83.91060596470462 16.089394035295385
230 359.53399999999965 83.51701925267916 16.482980747320838
231 365.2219999999943 83.34596491996999 16.654035080030013
232 321.6900000000023 94.20900556437411 5.7909944356258904
233 349.10199999999895 87.31673264546845 12.683267354531552
234 339.4400000000023 88.91182830540436 11.088171694595644
235 353.4340000000084 86.47329911666036 13.526700883339643
236 348.9829999999929 87.76172478314786 12.238275216852145
237 353.1310000000085 86.29023223671467 13.709767763285328
238 316.5139999999956 95.23145579653062 4.768544203469375
239 357.875 84.92577575970198 15.074224240298022
240 370.8110000000015 81.02464058511137 18.97535941488863
241 348.45299999999406 88.06789150903622 11.932108490963785
242 333.5859999999957 91.24174575671013 8.75825424328987
243 377.47900000000664 80.40607821893991 19.59392178106009
244 368.974000000002 82.61540108518459 17.384598914815413
245 320.65299999999115 95.59136512055767 4.408634879442332
246 330.79899999999907 92.10996405673367 7.8900359432663265
247 317.88000000000466 95.93149930787217 4.068500692127827
248 348.4530000000086 87.15566231314335 12.844337686856647
249 378.7479999999923 80.13990568926157 19.860094310738432
250 362.3380000000034 83.28951145061338 16.710488549386625
251 369.0200000000041 82.66294780768804 17.33705219231196
252 324.36299999999756 93.09798589849294 6.9020141015070635
253 318.497000000003 94.52904422960306 5.470955770396941
254 367.18299999999 83.07193415816818 16.928065841831824
255 348.55599999999686 86.90483021377648 13.095169786223522
256 357.80800000000454 85.54592686579528 14.45407313420472
257 368.4070000000065 82.97756828724542 17.02243171275458
258 360.13499999999476 84.30607411106101 15.693925888938992
259 351.150999999998 86.95278099733848 13.047219002661521
260 333.9959999999992 91.00523658964235 8.994763410357649
261 331.09100000000035 92.2603151398961 7.739684860103907
262 346.41999999999825 88.42440678942071 11.575593210579285
263 364.3630000000121 84.10710472796593 15.892895272034067
264 371.10299999998824 82.75998038278746 17.24001961721254
265 340.8990000000049 89.92371934210772 10.076280657892283
266 365.1209999999992 83.70109361006402 16.29890638993598
267 345.71199999999953 88.80797021796165 11.192029782038347
268 333.18099999999686 91.21752440867337 8.78247559132663
269 347.94400000000314 87.56547892761792 12.434521072382083
270 357.5890000000072 85.3095453159406 14.690454684059404
271 362.1149999999907 82.86917139577109 17.13082860422891
272 317.51800000001094 96.2069709433013 3.7930290566986997
273 339.88099999999395 90.34868380395163 9.65131619604837
274 343.0480000000098 89.23049835591215 10.769501644087853
275 380.12999999997555 78.75148238764181 21.248517612358185
276 365.9410000000207 87.64834221907458 12.351657780925422
277 370.4739999999874 82.66906179654286 17.330938203457137
278 347.22400000001653 88.16022509961245 11.839774900387553
279 373.7280000000028 81.05814389067378 18.941856109326224
280 367.6119999999937 81.62927216733989 18.37072783266011
281 326.06299999999464 97.3671591072584 2.632840892741598
282 340.48399999999674 92.41401651769266 7.585983482307341
283 375.7140000000072 81.60739551888186 18.39260448111814
284 369.1479999999865 84.71063638429825 15.289363615701745
285 349.61699999999837 91.60645220337035 8.393547796629647
286 327.2840000000142 96.16499737229047 3.835002627709528
287 378.8059999999823 81.44126808969978 18.558731910300224
288 366.9870000000228 86.79460035370303 13.205399646296968
289 325.247000000003 93.99989853879643 6.00010146120357
290 371.40399999998044 79.67404766769988 20.32595233230012
291 324.5109999999986 94.24052189286961 5.759478107130391
292 353.7030000000086 86.35479766916936 13.645202330830642
293 345.21199999999953 88.46873805079878 11.531261949201223
294 352.2710000000079 86.68629833292259 13.31370166707741
295 403.36899999997695 79.57692336299951 20.42307663700049
296 361.89300000001094 84.2420687882908 15.757931211709206
297 363.70800000001327 83.68881905268584 16.311180947314156
298 379.2969999999914 80.73376799708629 19.26623200291371
299 347.252999999997 88.16004181387234 11.83995818612766
300 382.9180000000051 81.34123493811475 18.658765061885248
301 348.51499999998487 92.73324821029948 7.266751789700521
302 355.0430000000051 86.57398399630699 13.426016003693007
303 322.65400000000955 94.60427578769041 5.395724212309588
304 320.6579999999958 95.77662493996043 4.223375060039572
305 348.4010000000126 87.66075872349526 12.339241276504737
306 362.52899999998044 84.48495430705697 15.515045692943033
307 349.9800000000105 91.01366935249416 8.986330647505838
308 373.9690000000119 83.68716390933062 16.31283609066938
309 370.7009999999718 82.53120709141352 17.46879290858648
310 381.0570000000007 79.76604812399682 20.233951876003175
311 377.5540000000037 83.51662278771518 16.48337721228482
312 358.4349999999977 89.46813229732138 10.531867702678625
313 377.5470000000205 84.09705016858085 15.90294983141915
314 359.61899999997695 85.8774870070294 14.122512992970599
315 355.6800000000221 84.7247160369378 15.275283963062193
316 328.5469999999914 91.99242726308007 8.007572736919926
317 356.3960000000079 85.5238582923927 14.476141707607297
318 376.32300000000396 80.40458595406736 19.595414045932642
319 373.5 82.31084069606568 17.689159303934318
320 374.01900000000023 85.65214601391897 14.347853986081034
321 333.2719999999972 96.6983965048871 3.3016034951129
322 370.6699999999837 84.82529743441245 15.174702565587552
323 340.7069999999949 88.37583025880122 11.624169741198784
324 340.0550000000221 89.62358442025135 10.376415579748652
325 373.1699999999837 81.67461478686717 18.325385213132833
326 352.3090000000084 86.55394554214203 13.446054457857969
327 350.3379999999888 87.30040132671235 12.699598673287653
328 379.5570000000007 83.17215859540443 16.827841404595574
329 347.2259999999951 88.46071146738332 11.53928853261668
330 343.3500000000058 87.99840687346816 12.001593126531844
331 352.65400000000955 87.64217618404538 12.357823815954617
332 363.23499999998603 88.12916156202616 11.870838437973845
333 369.07500000001164 85.94356160666968 14.056438393330325
334 375.5370000000112 81.68477407013248 18.315225929867523
335 372.0219999999972 82.46750729789548 17.53249270210452
336 330.58499999999185 95.1642058774377 4.835794122562305
337 336.94700000001467 92.28799188009486 7.712008119905136
338 384.59599999999045 80.41199336450453 19.588006635495475
339 363.8379999999888 83.99688047969398 16.003119520306015
340 389.2950000000128 81.98875916714789 18.01124083285211
341 351.6719999999914 92.23322584686595 7.766774153134051
342 379.8649999999907 84.16834138442002 15.831658615579983
343 373.820000000007 82.32999839493093 17.670001605069075
344 338.37900000001537 89.87984183423586 10.120158165764138
345 343.94699999998556 88.88148173992435 11.118518260075646
346 356.00700000001234 86.21648450741748 13.783515492582524
347 370.67599999997765 82.53100551425503 17.46899448574497
348 346.0360000000219 88.91447132668307 11.08552867331693
349 372.1909999999916 86.8725036338756 13.127496366124404
350 363.7399999999907 88.78805740365749 11.21194259634251
351 384.5770000000193 80.79754899542583 19.202451004574172
352 334.1949999999779 90.90337078656283 9.096629213437168
353 379.05300000001444 82.69079521869774 17.309204781302256
354 386.8420000000042 82.74756877487725 17.25243122512275
355 380.6339999999909 81.52192132076712 18.47807867923288
356 372.9640000000072 82.14549393497808 17.854506065021923
357 360.8289999999979 85.263254893654 14.736745106346007
358 382.8310000000056 80.5206762252928 19.479323774707197
359 352.6389999999956 91.45518504757433 8.544814952425668
360 370.5430000000051 85.74863106299024 14.251368937009758
361 352.84799999999814 87.36270575433213 12.637294245667874
362 342.00599999999395 89.84667228055281 10.15332771944719
363 380.9569999999949 82.7413776357338 17.258622364266202
364 356.45100000000093 90.35002566974505 9.649974330254949
365 379.61900000000605 82.60729310172476 17.392706898275236
366 363.77900000000955 83.60726979842937 16.39273020157063
367 363.24199999999837 84.30034797738584 15.69965202261416
368 355.85599999999977 90.33121543544259 9.668784564557413
369 337.0319999999774 94.19626919697042 5.80373080302958
370 372.61699999999837 83.33209166520848 16.66790833479152
371 342.97100000001956 89.57606328218486 10.423936717815138
372 373.1559999999881 86.68307356712145 13.316926432878546
373 394.4310000000114 80.56118814192766 19.43881185807234
374 392.625 78.0708003819891 21.929199618010898
375 310.8539999999921 97.30727608460325 2.692723915396755
376 375.1030000000028 79.7781516010147 20.2218483989853
377 383.7859999999928 84.14492451524777 15.855075484752234
378 362.40300000002026 88.32871692557285 11.671283074427151
379 329.5349999999744 94.58367396484803 5.416326035151968
380 396.0030000000261 77.12523895018116 22.874761049818844
381 364.4639999999781 87.59876695644397 12.401233043556033
382 392.18799999999464 82.72853325445762 17.271466745542384
383 360.204000000027 86.91136689215958 13.088633107840423
384 348.7949999999837 86.78729339583194 13.212706604168062
385 373.92699999999604 81.85369069361592 18.146309306384083
386 362.82200000001467 87.98715899255534 12.012841007444663
387 357.0909999999858 89.43528400318414 10.564715996815863
388 371.2410000000091 83.63818382124124 16.361816178758758
389 342.5789999999979 89.3763686623925 10.623631337607506
390 370.1490000000049 81.17521592652615 18.82478407347385
391 365.3530000000028 88.02915262767098 11.970847372329018
392 364.7609999999986 85.05896189557365 14.941038104426354
393 340.3189999999886 89.3395431932908 10.660456806709206
394 378.8270000000193 79.30279520723725 20.697204792762747
395 377.97099999999045 85.7702231123038 14.229776887696204
396 379.2390000000014 84.0530905313073 15.946909468692695
397 346.1140000000014 90.94339726223262 9.056602737767378
398 367.25599999999395 83.33906593764311 16.660934062356887
399 358.61699999999837 89.16185233828588 10.838147661714117
400 377.76500000001397 85.7245139173458 14.275486082654197
401 371.59699999997974 85.89537321350215 14.104626786497846
402 361.1009999999951 85.54005112144199 14.45994887855801
403 349.24300000001676 87.52507852696314 12.474921473036858
404 351.91300000000047 90.72240866350926 9.277591336490744
405 360.91300000000047 87.23764452931668 12.762355470683318
406 369.9409999999916 82.95151929636671 17.048480703633288
407 335.5890000000072 91.76540053459095 8.234599465409048
408 382.41300000000047 83.93867101797674 16.061328982023255
409 404.3619999999937 78.74842096928765 21.25157903071235
410 375.1900000000023 82.10418721169734 17.895812788302663
411 318.35699999998906 95.7857782301667 4.214221769833301
412 361.997000000003 84.64248598739943 15.357514012600575
413 355.06299999999464 90.4177005207459 9.582299479254104
414 385.0770000000193 83.34647356239108 16.653526437608917
415 339.1579999999958 92.40143531923715 7.598564680762848
416 357.05199999999604 87.15786496084542 12.842135039154584
417 358.820000000007 88.46667409840096 11.533325901599042
418 363.02700000000186 84.97457489380767 15.02542510619233
419 352.84699999997974 86.80905888384736 13.190941116152644
420 378.64300000001094 81.26986897948697 18.730131020513028
421 322.0480000000098 97.71553929840037 2.2844607015996274
422 348.77700000000186 89.93132001244064 10.068679987559364
423 356.59399999998277 86.07908994537819 13.920910054621814
424 351.6830000000191 87.57212319048749 12.427876809512512
425 374.1939999999886 85.49161130323809 14.508388696761912
426 335.3189999999886 91.90606854955064 8.093931450449361
427 362.6050000000105 84.7433267605622 15.256673239437802
428 383.7030000000086 84.36827702674485 15.631722973255151
429 394.4769999999844 81.49824958106905 18.501750418930953
430 390.28900000001886 81.41789801915257 18.582101980847426
431 378.66699999998673 81.36527080521755 18.63472919478245
432 317.7950000000128 96.06557371881198 3.934426281188024
433 374.49199999999837 82.36108114460188 17.638918855398117
434 360.0329999999958 89.94309132772942 10.05690867227058
435 358.8839999999909 88.88216526782897 11.117834732171033
436 376.66300000000047 82.02934718831209 17.970652811687913
437 348.35899999999674 88.65349251772645 11.346507482273552
438 345.47299999999814 92.98282065455844 7.017179345441562
439 314.4520000000193 97.58653148967646 2.41346851032354
440 383.17799999998533 82.71873646192418 17.28126353807582
441 382.3610000000044 84.43162613345848 15.56837386654152
442 370.38999999998487 86.10192499794015 13.898075002059855
443 378.39000000001397 83.45993551624079 16.54006448375921
444 362.30100000000675 84.72750282222607 15.272497177773928
445 329.8279999999795 93.03571558506022 6.964284414939783
446 351.5230000000156 89.41027471896433 10.589725281035669
447 358.2980000000098 87.17282262249975 12.827177377500249
448 356.54199999998673 86.2115290764496 13.788470923550406
449 324.92800000001444 94.24571905165753 5.754280948342469
450 370.8949999999895 82.49946480807063 17.500535191929373
451 325.3949999999895 93.49785030503314 6.50214969496686
452 359.46100000001024 85.3476121191663 14.6523878808337
453 361.18700000000536 89.08106050328101 10.918939496718991
454 337.17399999999907 94.30570269351217 5.694297306487826
455 371.4519999999902 85.56266489344999 14.437335106550009
456 383.2030000000086 83.46618111028688 16.533818889713118
457 372.3159999999916 86.05567313784553 13.944326862154469
458 361.8179999999993 87.10297995125077 12.897020048749226
459 354.9519999999902 85.85141371224232 14.14858628775768
460 356.6790000000037 84.55503407820571 15.444965921794292
461 362.7160000000149 87.95047089187874 12.049529108121263
462 359.97000000000116 89.80414756782018 10.19585243217982
463 361.20900000000256 86.75749773674607 13.242502263253925
464 339.21099999998114 89.48321840975704 10.516781590242957
465 356.22100000001956 85.54259855534542 14.457401444654579
466 335.3509999999951 92.54557463667972 7.454425363320283
467 343.00500000000466 87.59684261160126 12.40315738839874
468 327.1119999999937 93.33512986371873 6.664870136281266
469 350.25699999998324 87.46863874243527 12.531361257564726
470 356.46199999999953 85.11730282609021 14.88269717390979
471 362.80300000001444 84.77085360370715 15.229146396292847
472 378.945000000007 84.13238596630754 15.867614033692462
473 378.0659999999916 81.99569651862 18.004303481380006
474 327.68900000001304 91.98988675229991 8.01011324770009
475 376.3640000000014 80.99279952390769 19.007200476092308
476 339.64400000000023 93.8106900165542 6.189309983445796
477 364.9779999999737 87.2583580380174 12.741641961982594
478 373.29000000000815 82.28948270778524 17.71051729221476
479 364.22099999999045 84.40819172973985 15.591808270260145
480 416.5340000000142 76.22844233598242 23.77155766401758
481 337.89100000000326 95.25414704740348 4.745852952596522
482 352.70799999998417 89.49266248565154 10.507337514348464
483 375.832000000024 82.03812341682449 17.96187658317551
484 353.9529999999795 86.54342525706845 13.45657474293155
485 332.4780000000028 95.59414457504094 4.405855424959057
486 373.80100000000675 85.089028654337 14.910971345663
487 368.6160000000091 84.01528419816466 15.984715801835335
488 351.24499999999534 86.90212245012924 13.09787754987076
489 391.59500000000116 81.05012321401439 18.94987678598561
490 394.9089999999851 82.48404569160496 17.515954308395038
491 396.122000000003 80.89579220535838 19.104207794641624
492 346.48300000000745 91.95716384351125 8.042836156488747
493 369.10599999999977 83.36713030943486 16.632869690565144
494 361.002999999997 83.6531469267345 16.346853073265507
495 360.8189999999886 88.65896197260298 11.341038027397019
496 376.6120000000228 81.96005969010251 18.03994030989749
497 375.82600000000093 81.77823247993857 18.221767520061434
498 340.51699999999255 90.2256157548908 9.774384245109204
499 353.72200000000885 87.03394756335143 12.966052436648567
500 380.0799999999872 82.55146548091557 17.448534519084433
501 380.1259999999893 80.63193783112612 19.368062168873877
502 354.2300000000105 86.33911865176313 13.66088134823687
503 371.3949999999895 82.12966518125336 17.87033481874664
504 319.27700000000186 97.54497818509022 2.4550218149097844
505 350.49400000000605 85.59657511966063 14.403424880339372
506 355.2410000000091 85.52482962262813 14.475170377371867
mean: 354.636 std: 19.805
DurationTime(%): 86.648 std: 4.619
IdleTime(%): 13.352 std: 4.619 
