TotalIterationTime(ms) 370.851
TheRatioOfDurationTime(%) 6.534
TheRatioOfIdleTime(%) 93.466
23 calc_cell_id 0.000000 0.017120 -1.000000
16 radixSortBlocks 0.021000 0.018500 -1.000000
16 findRadixOffsets 0.041000 0.005570 -1.000000
16 scan4 0.051000 0.003940 -1.000000
16 scan4 0.057000 0.003420 -1.000000
16 vectorAddUniform4 0.064000 0.002980 -1.000000
16 reorderData 0.070000 0.008700 -1.000000
16 radixSortBlocks 0.083000 0.018110 -1.000000
16 findRadixOffsets 0.103000 0.005570 -1.000000
16 scan4 0.113000 0.003580 -1.000000
16 scan4 0.119000 0.003490 -1.000000
16 vectorAddUniform4 0.125000 0.002980 -1.000000
16 reorderData 0.132000 0.008420 -1.000000
16 radixSortBlocks 0.145000 0.017950 -1.000000
16 findRadixOffsets 0.165000 0.005600 -1.000000
16 scan4 0.174000 0.003520 -1.000000
16 scan4 0.180000 0.003330 -1.000000
16 vectorAddUniform4 0.187000 0.002980 -1.000000
16 reorderData 0.193000 0.009120 -1.000000
16 radixSortBlocks 0.206000 0.016710 -1.000000
16 findRadixOffsets 0.227000 0.005700 -1.000000
16 scan4 0.236000 0.003360 -1.000000
16 scan4 0.243000 0.003330 -1.000000
16 vectorAddUniform4 0.249000 0.002980 -1.000000
16 reorderData 0.255000 0.008290 -1.000000
16 radixSortBlocks 0.265000 0.015010 -1.000000
16 findRadixOffsets 0.285000 0.005470 -1.000000
16 scan4 0.294000 0.003520 -1.000000
16 scan4 0.300000 0.003360 -1.000000
16 vectorAddUniform4 0.306000 0.002980 -1.000000
16 reorderData 0.311000 0.007260 -1.000000
16 radixSortBlocks 0.320000 0.015040 -1.000000
16 findRadixOffsets 0.338000 0.005630 -1.000000
16 scan4 0.346000 0.003810 -1.000000
16 scan4 0.354000 0.003390 -1.000000
16 vectorAddUniform4 0.362000 0.003010 -1.000000
16 reorderData 0.367000 0.007580 -1.000000
16 radixSortBlocks 0.378000 0.015170 -1.000000
16 findRadixOffsets 0.397000 0.005600 -1.000000
16 scan4 0.404000 0.003620 -1.000000
16 scan4 0.411000 0.003420 -1.000000
16 vectorAddUniform4 0.424000 0.003010 -1.000000
16 reorderData 0.430000 0.007360 -1.000000
16 radixSortBlocks 0.441000 0.015100 -1.000000
16 findRadixOffsets 0.458000 0.005660 -1.000000
16 scan4 0.466000 0.003620 -1.000000
16 scan4 0.472000 0.003330 -1.000000
16 vectorAddUniform4 0.477000 0.002980 -1.000000
16 reorderData 0.482000 0.007170 -1.000000
23 kernel_calc_cell_counts 0.491000 0.007580 -1.000000
23 calc_neigh_list_cell 0.500000 9.713320 -1.000000
23 [CUDA_memcpy_DtoH] 10.222000 0.090120 7.220980
23 k_lj_fast 14.087000 0.657720 -1.000000
23 [CUDA_memcpy_DtoH] 14.886000 0.940740 5.533740
23 [CUDA_memcpy_HtoD] 49.514000 0.441650 7.917460
23 k_lj_fast 51.416000 0.658490 -1.000000
23 [CUDA_memcpy_DtoH] 52.278000 0.861760 6.040910
23 [CUDA_memcpy_HtoD] 90.439000 0.314160 11.130570
23 k_lj_fast 92.337000 0.655990 -1.000000
23 [CUDA_memcpy_DtoH] 93.090000 0.812930 6.403790
23 [CUDA_memcpy_HtoD] 127.247000 0.321800 10.866040
23 k_lj_fast 127.621000 0.660760 -1.000000
23 [CUDA_memcpy_DtoH] 128.321000 0.600340 8.671390
23 [CUDA_memcpy_HtoD] 170.344000 0.315240 11.092160
23 k_lj_fast 171.500000 0.659260 -1.000000
23 [CUDA_memcpy_DtoH] 172.302000 0.728120 7.149630
23 [CUDA_memcpy_HtoD] 207.776000 0.324880 10.763290
23 k_lj_fast 208.563000 0.660190 -1.000000
23 [CUDA_memcpy_DtoH] 209.257000 0.789210 6.596200
23 [CUDA_memcpy_HtoD] 249.734000 0.314280 11.126040
23 k_lj_fast 251.625000 0.658100 -1.000000
23 [CUDA_memcpy_DtoH] 252.428000 0.786050 6.622780
23 [CUDA_memcpy_HtoD] 286.707000 0.323310 10.815500
23 k_lj_fast 287.102000 0.657850 -1.000000
23 [CUDA_memcpy_DtoH] 287.779000 0.602580 8.639170
23 [CUDA_memcpy_HtoD] 363.798000 0.338830 10.318550
