TotalIterationTime(ms) 9167.237
TheRatioOfDurationTime(%) 9.075
TheRatioOfIdleTime(%) 90.925
23 calc_neigh_list_cell 0.000000 50.399240 -1.000000
23 [CUDA_memcpy_DtoH] 50.402000 0.021220 11.640280
23 kernel_special 55.405000 1.942770 -1.000000
23 [CUDA_memcpy_HtoD] 57.355000 0.053570 10.808360
23 kernel_zero 62.825000 0.007740 -1.000000
23 particle_map 62.834000 0.066310 -1.000000
23 make_rho 62.904000 5.928250 -1.000000
23 [CUDA_memcpy_DtoH] 69.027000 0.535450 10.482950
23 [CUDA_memcpy_DtoH] 69.565000 0.001060 0.003530
23 k_charmm_long_fast 73.649000 26.919680 -1.000000
23 [CUDA_memcpy_DtoH] 106.144000 0.898570 4.397620
23 [CUDA_memcpy_DtoH] 107.053000 0.873670 2.261470
23 [CUDA_memcpy_HtoD] 694.268000 11.258270 1.994290
23 interp 705.978000 0.562740 -1.000000
23 [CUDA_memcpy_DtoH] 706.547000 0.216360 9.131840
23 [CUDA_memcpy_HtoD] 719.323000 0.225420 10.274500
23 [CUDA_memcpy_HtoD] 719.554000 0.069000 8.392120
23 kernel_zero 719.633000 0.005120 -1.000000
23 particle_map 719.642000 0.067070 -1.000000
23 make_rho 719.724000 9.160420 -1.000000
23 [CUDA_memcpy_DtoH] 728.897000 0.544090 10.316460
23 [CUDA_memcpy_DtoH] 729.444000 0.001090 0.003420
23 k_charmm_long_fast 729.924000 35.812600 -1.000000
23 [CUDA_memcpy_DtoH] 765.743000 0.480920 8.216700
23 [CUDA_memcpy_DtoH] 766.229000 0.224460 8.802420
23 [CUDA_memcpy_HtoD] 1337.150000 7.208980 3.114480
23 interp 1344.416000 0.571190 -1.000000
23 [CUDA_memcpy_DtoH] 1345.057000 0.543930 3.632430
23 [CUDA_memcpy_HtoD] 1365.202000 0.443220 5.225540
23 [CUDA_memcpy_HtoD] 1365.650000 0.106120 5.456430
23 kernel_zero 1365.803000 0.006050 -1.000000
23 particle_map 1365.813000 0.069280 -1.000000
23 make_rho 1365.896000 9.161640 -1.000000
23 [CUDA_memcpy_DtoH] 1375.067000 0.532530 10.540250
23 [CUDA_memcpy_DtoH] 1375.603000 0.001060 0.003530
23 k_charmm_long_fast 1376.111000 35.847830 -1.000000
23 [CUDA_memcpy_DtoH] 1412.486000 0.440240 8.975840
23 [CUDA_memcpy_DtoH] 1412.932000 0.234470 8.426410
23 [CUDA_memcpy_HtoD] 1992.482000 11.219100 2.001250
23 interp 2004.172000 0.564760 -1.000000
23 [CUDA_memcpy_DtoH] 2004.750000 0.217480 9.084770
23 [CUDA_memcpy_HtoD] 2017.756000 0.224110 10.334650
23 [CUDA_memcpy_HtoD] 2017.984000 0.065670 8.817430
23 kernel_zero 2018.091000 0.005150 -1.000000
23 particle_map 2018.100000 0.068290 -1.000000
23 make_rho 2018.184000 9.165130 -1.000000
23 [CUDA_memcpy_DtoH] 2027.357000 0.539160 10.410750
23 [CUDA_memcpy_DtoH] 2027.899000 0.001280 0.002910
23 k_charmm_long_fast 2028.425000 35.748280 -1.000000
23 [CUDA_memcpy_DtoH] 2064.185000 0.451220 8.757500
23 [CUDA_memcpy_DtoH] 2064.643000 0.208940 9.456360
23 [CUDA_memcpy_HtoD] 2628.594000 10.953720 2.049730
23 interp 2640.641000 0.556410 -1.000000
23 [CUDA_memcpy_DtoH] 2641.206000 0.216070 9.143970
23 [CUDA_memcpy_HtoD] 2655.592000 0.229900 10.074280
23 [CUDA_memcpy_HtoD] 2655.826000 0.059780 9.685920
23 kernel_zero 2659.750000 0.007490 -1.000000
23 particle_map 2659.759000 0.066110 -1.000000
23 make_rho 2659.829000 5.405640 -1.000000
23 [CUDA_memcpy_DtoH] 2665.692000 0.536440 10.463540
23 [CUDA_memcpy_DtoH] 2666.232000 0.001150 0.003230
23 k_charmm_long_fast 2670.056000 31.596070 -1.000000
23 [CUDA_memcpy_DtoH] 2703.514000 0.473460 8.346110
23 [CUDA_memcpy_DtoH] 2703.992000 0.231530 8.533560
23 [CUDA_memcpy_HtoD] 3279.867000 11.242020 1.997170
23 interp 3291.155000 0.564310 -1.000000
23 [CUDA_memcpy_DtoH] 3291.733000 0.162950 12.124960
23 [CUDA_memcpy_HtoD] 3305.691000 0.255110 9.078520
23 [CUDA_memcpy_HtoD] 3305.950000 0.063490 9.119770
23 kernel_zero 3309.542000 0.007230 -1.000000
23 particle_map 3309.551000 0.065920 -1.000000
23 make_rho 3309.621000 5.434150 -1.000000
23 [CUDA_memcpy_DtoH] 3315.468000 0.516850 10.860030
23 [CUDA_memcpy_DtoH] 3315.988000 0.001120 0.003330
23 k_charmm_long_fast 3319.857000 31.558630 -1.000000
23 [CUDA_memcpy_DtoH] 3353.258000 0.453140 8.720390
23 [CUDA_memcpy_DtoH] 3353.715000 0.221670 8.912970
23 [CUDA_memcpy_HtoD] 3929.506000 10.895350 2.060720
23 interp 3941.413000 0.573270 -1.000000
23 [CUDA_memcpy_DtoH] 3941.999000 0.201260 9.817170
23 [CUDA_memcpy_HtoD] 3956.101000 0.223820 10.347950
23 [CUDA_memcpy_HtoD] 3956.330000 0.067590 8.566950
23 kernel_zero 3956.406000 0.005150 -1.000000
23 particle_map 3956.414000 0.067650 -1.000000
23 make_rho 3956.495000 9.158820 -1.000000
23 [CUDA_memcpy_DtoH] 3965.661000 0.528700 10.616800
23 [CUDA_memcpy_DtoH] 3966.193000 0.001090 0.003420
23 k_charmm_long_fast 3966.720000 35.841820 -1.000000
23 [CUDA_memcpy_DtoH] 4003.099000 0.433710 9.110960
23 [CUDA_memcpy_DtoH] 4003.536000 0.217930 9.066140
23 [CUDA_memcpy_HtoD] 4571.211000 10.943250 2.051690
23 interp 4582.199000 0.565080 -1.000000
23 [CUDA_memcpy_DtoH] 4582.772000 0.163400 12.091720
23 [CUDA_memcpy_HtoD] 4596.374000 0.223750 10.350910
23 [CUDA_memcpy_HtoD] 4596.602000 0.069640 8.314990
23 kernel_zero 4596.717000 0.006050 -1.000000
23 particle_map 4596.727000 0.069090 -1.000000
23 make_rho 4596.809000 9.144610 -1.000000
23 [CUDA_memcpy_DtoH] 4605.962000 0.597110 9.400300
23 [CUDA_memcpy_DtoH] 4606.562000 0.001090 0.003420
23 k_charmm_long_fast 4607.064000 35.778330 -1.000000
23 [CUDA_memcpy_DtoH] 4642.852000 0.473200 8.350630
23 [CUDA_memcpy_DtoH] 4643.333000 0.218990 9.022380
23 [CUDA_memcpy_HtoD] 5217.208000 9.909670 2.265690
23 interp 5227.756000 0.564700 -1.000000
23 [CUDA_memcpy_DtoH] 5228.330000 0.206150 9.584020
23 [CUDA_memcpy_HtoD] 5242.007000 0.221900 10.437540
23 [CUDA_memcpy_HtoD] 5242.234000 0.065950 8.778930
23 kernel_zero 5242.327000 0.005150 -1.000000
23 particle_map 5242.337000 0.068480 -1.000000
23 make_rho 5242.419000 9.160650 -1.000000
23 [CUDA_memcpy_DtoH] 5251.586000 0.557780 10.063150
23 [CUDA_memcpy_DtoH] 5252.147000 0.001090 0.003420
23 k_charmm_long_fast 5252.664000 35.767770 -1.000000
23 [CUDA_memcpy_DtoH] 5288.439000 0.463540 8.524720
23 [CUDA_memcpy_DtoH] 5288.907000 0.221030 8.938780
23 [CUDA_memcpy_HtoD] 5861.052000 11.093240 2.023950
23 interp 5872.194000 0.567220 -1.000000
23 [CUDA_memcpy_DtoH] 5872.768000 0.163650 12.072800
23 [CUDA_memcpy_HtoD] 5886.501000 0.226570 10.222310
23 [CUDA_memcpy_HtoD] 5886.732000 0.067200 8.616030
23 kernel_zero 5886.858000 0.006210 -1.000000
23 particle_map 5886.869000 0.067520 -1.000000
23 make_rho 5886.950000 9.154850 -1.000000
23 [CUDA_memcpy_DtoH] 5896.115000 0.537240 10.447960
23 [CUDA_memcpy_DtoH] 5896.655000 0.001220 0.003060
23 k_charmm_long_fast 5897.208000 35.906750 -1.000000
23 [CUDA_memcpy_DtoH] 5933.122000 0.471290 8.384630
23 [CUDA_memcpy_DtoH] 5933.598000 0.234440 8.427560
23 [CUDA_memcpy_HtoD] 6500.776000 11.196640 2.005260
23 interp 6512.018000 0.570170 -1.000000
23 [CUDA_memcpy_DtoH] 6512.598000 0.176100 11.219430
23 [CUDA_memcpy_HtoD] 6527.861000 0.227270 10.190600
23 [CUDA_memcpy_HtoD] 6528.093000 0.070500 8.213090
23 kernel_zero 6534.589000 0.007870 -1.000000
23 particle_map 6534.598000 0.067780 -1.000000
23 make_rho 6534.669000 3.608120 -1.000000
23 [CUDA_memcpy_DtoH] 6538.744000 0.525400 10.683430
23 [CUDA_memcpy_DtoH] 6539.273000 0.001340 0.002770
23 k_charmm_long_fast 6545.039000 29.834390 -1.000000
23 [CUDA_memcpy_DtoH] 6575.710000 0.438450 9.012520
23 [CUDA_memcpy_DtoH] 6576.154000 0.219850 8.986960
23 [CUDA_memcpy_HtoD] 7148.817000 11.042040 2.033340
23 interp 7159.908000 0.568380 -1.000000
23 [CUDA_memcpy_DtoH] 7160.483000 0.163050 12.117820
23 [CUDA_memcpy_HtoD] 7173.645000 0.446930 5.182140
23 [CUDA_memcpy_HtoD] 7174.099000 0.081700 7.087170
23 kernel_zero 7174.226000 0.006270 -1.000000
23 particle_map 7174.237000 0.068160 -1.000000
23 make_rho 7174.318000 9.163720 -1.000000
23 [CUDA_memcpy_DtoH] 7183.491000 0.532570 10.539610
23 [CUDA_memcpy_DtoH] 7184.027000 0.001090 0.003420
23 k_charmm_long_fast 7184.629000 35.827060 -1.000000
23 [CUDA_memcpy_DtoH] 7220.463000 0.492850 8.017700
23 [CUDA_memcpy_DtoH] 7220.962000 0.220100 8.976510
23 [CUDA_memcpy_HtoD] 7787.079000 11.071670 2.027900
23 interp 7798.197000 0.568570 -1.000000
23 [CUDA_memcpy_DtoH] 7798.779000 0.163940 12.051600
23 [CUDA_memcpy_HtoD] 7813.941000 0.225390 10.275960
23 [CUDA_memcpy_HtoD] 7814.171000 0.070630 8.198200
23 kernel_zero 7814.298000 0.006850 -1.000000
23 particle_map 7814.310000 0.068480 -1.000000
23 make_rho 7814.391000 9.197900 -1.000000
23 [CUDA_memcpy_DtoH] 7823.597000 0.537530 10.442360
23 [CUDA_memcpy_DtoH] 7824.138000 0.001250 0.002980
23 k_charmm_long_fast 7824.747000 35.894460 -1.000000
23 [CUDA_memcpy_DtoH] 7860.647000 0.487640 8.103460
23 [CUDA_memcpy_DtoH] 7861.140000 0.222570 8.877090
23 [CUDA_memcpy_HtoD] 8443.622000 10.996980 2.041670
23 interp 8454.663000 0.566330 -1.000000
23 [CUDA_memcpy_DtoH] 8455.239000 0.178020 11.098420
23 [CUDA_memcpy_HtoD] 8468.561000 0.225580 10.267210
23 [CUDA_memcpy_HtoD] 8468.792000 0.067780 8.542680
23 kernel_zero 8468.906000 0.005820 -1.000000
23 particle_map 8468.916000 0.068420 -1.000000
23 make_rho 8468.998000 9.193930 -1.000000
23 [CUDA_memcpy_DtoH] 8478.201000 0.535930 10.473540
23 [CUDA_memcpy_DtoH] 8478.740000 0.001180 0.003150
23 k_charmm_long_fast 8479.301000 35.868120 -1.000000
23 [CUDA_memcpy_DtoH] 8515.178000 0.480560 8.222730
23 [CUDA_memcpy_DtoH] 8515.664000 0.220330 8.967380
23 [CUDA_memcpy_HtoD] 9094.271000 11.185150 2.007320
23 interp 9105.502000 0.567030 -1.000000
23 [CUDA_memcpy_DtoH] 9106.078000 0.163170 12.108320
23 [CUDA_memcpy_HtoD] 9160.312000 0.204750 11.312640
16 [CUDA_memcpy_HtoD] 9161.428000 0.105090 7.053880
16 [CUDA_memcpy_HtoD] 9162.120000 3.868640 1.341330
16 [CUDA_memcpy_HtoD] 9166.495000 0.094050 6.156720
23 transpose 9166.863000 0.036670 -1.000000
23 calc_cell_id 9166.916000 0.011550 -1.000000
16 radixSortBlocks 9166.928000 0.009020 -1.000000
16 findRadixOffsets 9166.939000 0.003650 -1.000000
16 scan4 9166.944000 0.003390 -1.000000
16 scan4 9166.949000 0.003270 -1.000000
16 vectorAddUniform4 9166.954000 0.002500 -1.000000
16 reorderData 9166.957000 0.004740 -1.000000
16 radixSortBlocks 9166.963000 0.008480 -1.000000
16 findRadixOffsets 9166.975000 0.003260 -1.000000
16 scan4 9166.982000 0.002210 -1.000000
16 scan4 9166.988000 0.002240 -1.000000
16 vectorAddUniform4 9166.994000 0.002500 -1.000000
16 reorderData 9167.000000 0.004610 -1.000000
16 radixSortBlocks 9167.009000 0.008320 -1.000000
16 findRadixOffsets 9167.019000 0.003490 -1.000000
16 scan4 9167.024000 0.003170 -1.000000
16 scan4 9167.028000 0.003360 -1.000000
16 vectorAddUniform4 9167.033000 0.002400 -1.000000
16 reorderData 9167.038000 0.004350 -1.000000
16 radixSortBlocks 9167.044000 0.008060 -1.000000
16 findRadixOffsets 9167.056000 0.003420 -1.000000
16 scan4 9167.062000 0.002270 -1.000000
16 scan4 9167.068000 0.002270 -1.000000
16 vectorAddUniform4 9167.073000 0.002270 -1.000000
16 reorderData 9167.079000 0.003680 -1.000000
16 radixSortBlocks 9167.085000 0.008060 -1.000000
16 findRadixOffsets 9167.094000 0.003260 -1.000000
16 scan4 9167.100000 0.002240 -1.000000
16 scan4 9167.106000 0.002270 -1.000000
16 vectorAddUniform4 9167.111000 0.002270 -1.000000
16 reorderData 9167.116000 0.003620 -1.000000
16 radixSortBlocks 9167.121000 0.008130 -1.000000
16 findRadixOffsets 9167.132000 0.003620 -1.000000
16 scan4 9167.140000 0.002300 -1.000000
16 scan4 9167.145000 0.002180 -1.000000
16 vectorAddUniform4 9167.149000 0.002300 -1.000000
16 reorderData 9167.153000 0.003620 -1.000000
16 radixSortBlocks 9167.160000 0.007940 -1.000000
16 findRadixOffsets 9167.170000 0.003520 -1.000000
16 scan4 9167.177000 0.002240 -1.000000
16 scan4 9167.181000 0.002180 -1.000000
16 vectorAddUniform4 9167.184000 0.002310 -1.000000
16 reorderData 9167.190000 0.003710 -1.000000
16 radixSortBlocks 9167.196000 0.008030 -1.000000
16 findRadixOffsets 9167.207000 0.003360 -1.000000
16 scan4 9167.212000 0.002240 -1.000000
16 scan4 9167.217000 0.002180 -1.000000
16 vectorAddUniform4 9167.222000 0.002270 -1.000000
16 reorderData 9167.227000 0.003680 -1.000000
23 kernel_calc_cell_counts 9167.232000 0.003740 -1.000000
