TotalIterationTime(ms) 83.054
TheRatioOfDurationTime(%) 9.106
TheRatioOfIdleTime(%) 90.894
23 calc_cell_id 0.000000 0.006590 -1.000000
16 radixSortBlocks 0.012000 0.009630 -1.000000
16 findRadixOffsets 0.024000 0.003040 -1.000000
16 scan4 0.031000 0.003810 -1.000000
16 scan4 0.039000 0.003300 -1.000000
16 vectorAddUniform4 0.046000 0.003040 -1.000000
16 reorderData 0.052000 0.004320 -1.000000
16 radixSortBlocks 0.061000 0.009340 -1.000000
16 findRadixOffsets 0.073000 0.002980 -1.000000
16 scan4 0.080000 0.002940 -1.000000
16 scan4 0.085000 0.002460 -1.000000
16 vectorAddUniform4 0.089000 0.002910 -1.000000
16 reorderData 0.093000 0.004380 -1.000000
16 radixSortBlocks 0.102000 0.009090 -1.000000
16 findRadixOffsets 0.115000 0.003040 -1.000000
16 scan4 0.122000 0.002820 -1.000000
16 scan4 0.129000 0.002500 -1.000000
16 vectorAddUniform4 0.135000 0.002910 -1.000000
16 reorderData 0.141000 0.004510 -1.000000
16 radixSortBlocks 0.150000 0.008190 -1.000000
16 findRadixOffsets 0.163000 0.002980 -1.000000
16 scan4 0.169000 0.002750 -1.000000
16 scan4 0.176000 0.002530 -1.000000
16 vectorAddUniform4 0.182000 0.002880 -1.000000
16 reorderData 0.189000 0.003650 -1.000000
16 radixSortBlocks 0.197000 0.007970 -1.000000
16 findRadixOffsets 0.208000 0.003040 -1.000000
16 scan4 0.214000 0.002790 -1.000000
16 scan4 0.221000 0.002430 -1.000000
16 vectorAddUniform4 0.226000 0.002910 -1.000000
16 reorderData 0.230000 0.003170 -1.000000
16 radixSortBlocks 0.235000 0.008000 -1.000000
16 findRadixOffsets 0.244000 0.002910 -1.000000
16 scan4 0.249000 0.002750 -1.000000
16 scan4 0.253000 0.002500 -1.000000
16 vectorAddUniform4 0.257000 0.002910 -1.000000
16 reorderData 0.262000 0.003330 -1.000000
16 radixSortBlocks 0.267000 0.008100 -1.000000
16 findRadixOffsets 0.277000 0.003040 -1.000000
16 scan4 0.281000 0.002750 -1.000000
16 scan4 0.286000 0.002500 -1.000000
16 vectorAddUniform4 0.290000 0.002850 -1.000000
16 reorderData 0.295000 0.003230 -1.000000
16 radixSortBlocks 4.598000 0.010270 -1.000000
16 findRadixOffsets 4.611000 0.003140 -1.000000
16 scan4 4.617000 0.003780 -1.000000
16 scan4 4.623000 0.003230 -1.000000
16 vectorAddUniform4 4.629000 0.003040 -1.000000
16 reorderData 4.634000 0.003360 -1.000000
23 kernel_calc_cell_counts 4.639000 0.004800 -1.000000
23 calc_neigh_list_cell 4.646000 0.994310 -1.000000
23 [CUDA_memcpy_DtoH] 5.650000 0.021540 11.345560
23 k_lj_fast 6.622000 0.264170 -1.000000
23 [CUDA_memcpy_DtoH] 6.904000 0.379120 5.156150
23 [CUDA_memcpy_HtoD] 13.880000 0.361040 3.985700
23 k_lj_fast 14.251000 0.262990 -1.000000
23 [CUDA_memcpy_DtoH] 14.535000 0.238950 8.180660
23 [CUDA_memcpy_HtoD] 24.300000 0.156810 9.176880
23 k_lj_fast 25.022000 0.265360 -1.000000
23 [CUDA_memcpy_DtoH] 25.294000 0.363850 5.372450
23 [CUDA_memcpy_HtoD] 32.681000 0.129700 11.094590
23 k_lj_fast 33.220000 0.264840 -1.000000
23 [CUDA_memcpy_DtoH] 33.501000 0.336270 5.813180
23 [CUDA_memcpy_HtoD] 42.633000 0.178660 8.054210
23 k_lj_fast 43.299000 0.265770 -1.000000
23 [CUDA_memcpy_DtoH] 43.599000 0.381040 5.130170
23 [CUDA_memcpy_HtoD] 50.467000 0.266440 5.400760
23 k_lj_fast 50.758000 0.259400 -1.000000
23 [CUDA_memcpy_DtoH] 51.044000 0.201450 9.703760
23 [CUDA_memcpy_HtoD] 60.563000 0.180840 7.957300
23 k_lj_fast 61.234000 0.264330 -1.000000
23 [CUDA_memcpy_DtoH] 61.529000 0.362090 5.398580
23 [CUDA_memcpy_HtoD] 68.441000 0.236110 6.094680
23 k_lj_fast 68.820000 0.265900 -1.000000
23 [CUDA_memcpy_DtoH] 69.117000 0.261000 7.489550
23 [CUDA_memcpy_HtoD] 82.806000 0.195780 7.349920
