TotalIterationTime(ms) 361.403
TheRatioOfDurationTime(%) 10.021
TheRatioOfIdleTime(%) 89.979
23 calc_neigh_list_cell 0.000000 17.352660 -1.000000
23 [CUDA_memcpy_DtoH] 17.363000 0.115880 8.428030
23 k_lj_fast 18.428000 0.985130 -1.000000
23 [CUDA_memcpy_DtoH] 19.427000 0.637140 12.262400
23 [CUDA_memcpy_HtoD] 54.638000 0.447920 11.184730
23 k_lj_fast 55.680000 0.984610 -1.000000
23 [CUDA_memcpy_DtoH] 56.674000 0.833440 9.374300
23 [CUDA_memcpy_HtoD] 95.358000 0.448620 11.167180
23 k_lj_fast 98.523000 0.983460 -1.000000
23 [CUDA_memcpy_DtoH] 99.544000 1.164430 6.709650
23 [CUDA_memcpy_HtoD] 131.752000 0.447950 11.183930
23 k_lj_fast 132.842000 0.987560 -1.000000
23 [CUDA_memcpy_DtoH] 133.843000 0.822880 9.494600
23 [CUDA_memcpy_HtoD] 171.930000 0.458000 10.938540
23 k_lj_fast 172.439000 0.983590 -1.000000
23 [CUDA_memcpy_DtoH] 173.451000 0.751290 10.399300
23 [CUDA_memcpy_HtoD] 208.490000 0.469390 10.673090
23 k_lj_fast 209.016000 0.989380 -1.000000
23 [CUDA_memcpy_DtoH] 210.027000 0.736480 10.608520
23 [CUDA_memcpy_HtoD] 250.097000 0.447340 11.199130
23 k_lj_fast 251.777000 0.983780 -1.000000
23 [CUDA_memcpy_DtoH] 252.771000 1.043620 7.486330
23 [CUDA_memcpy_HtoD] 285.528000 0.474230 10.564320
23 k_lj_fast 286.070000 0.985960 -1.000000
23 [CUDA_memcpy_DtoH] 287.083000 0.730840 10.690270
23 [CUDA_memcpy_HtoD] 358.552000 0.471190 10.633400
23 calc_cell_id 360.791000 0.024870 -1.000000
16 radixSortBlocks 360.818000 0.026850 -1.000000
16 findRadixOffsets 360.846000 0.007460 -1.000000
16 scan4 360.855000 0.003780 -1.000000
16 scan4 360.862000 0.003780 -1.000000
16 vectorAddUniform4 360.868000 0.003040 -1.000000
16 reorderData 360.875000 0.014880 -1.000000
16 radixSortBlocks 360.892000 0.025500 -1.000000
16 findRadixOffsets 360.921000 0.007710 -1.000000
16 scan4 360.930000 0.003810 -1.000000
16 scan4 360.936000 0.003420 -1.000000
16 vectorAddUniform4 360.943000 0.002940 -1.000000
16 reorderData 360.949000 0.015140 -1.000000
16 radixSortBlocks 360.966000 0.024550 -1.000000
16 findRadixOffsets 360.995000 0.007550 -1.000000
16 scan4 361.004000 0.003460 -1.000000
16 scan4 361.011000 0.003460 -1.000000
16 vectorAddUniform4 361.017000 0.003040 -1.000000
16 reorderData 361.023000 0.014910 -1.000000
16 radixSortBlocks 361.040000 0.022590 -1.000000
16 findRadixOffsets 361.066000 0.007580 -1.000000
16 scan4 361.076000 0.003520 -1.000000
16 scan4 361.082000 0.003650 -1.000000
16 vectorAddUniform4 361.089000 0.003040 -1.000000
16 reorderData 361.095000 0.014560 -1.000000
16 radixSortBlocks 361.112000 0.021760 -1.000000
16 findRadixOffsets 361.137000 0.007680 -1.000000
16 scan4 361.146000 0.003580 -1.000000
16 scan4 361.152000 0.003550 -1.000000
16 vectorAddUniform4 361.159000 0.003010 -1.000000
16 reorderData 361.164000 0.014210 -1.000000
16 radixSortBlocks 361.180000 0.021250 -1.000000
16 findRadixOffsets 361.205000 0.007750 -1.000000
16 scan4 361.217000 0.003650 -1.000000
16 scan4 361.226000 0.003550 -1.000000
16 vectorAddUniform4 361.233000 0.003010 -1.000000
16 reorderData 361.238000 0.014050 -1.000000
16 radixSortBlocks 361.254000 0.021630 -1.000000
16 findRadixOffsets 361.277000 0.007620 -1.000000
16 scan4 361.288000 0.003420 -1.000000
16 scan4 361.295000 0.003580 -1.000000
16 vectorAddUniform4 361.301000 0.003040 -1.000000
16 reorderData 361.307000 0.014210 -1.000000
16 radixSortBlocks 361.325000 0.021340 -1.000000
16 findRadixOffsets 361.348000 0.007580 -1.000000
16 scan4 361.359000 0.003620 -1.000000
16 scan4 361.364000 0.003580 -1.000000
16 vectorAddUniform4 361.369000 0.003040 -1.000000
16 reorderData 361.374000 0.014430 -1.000000
23 kernel_calc_cell_counts 361.391000 0.010690 -1.000000
