TotalIterationTime(ms) 31608.065
TheRatioOfDurationTime(%) 13.529
TheRatioOfIdleTime(%) 86.471
23 calc_neigh_list_cell 0.000000 171.104080 -1.000000
23 [CUDA_memcpy_DtoH] 171.108000 0.090950 10.918060
23 kernel_special 177.888000 33.124340 -1.000000
23 [CUDA_memcpy_HtoD] 211.023000 0.166020 10.481540
23 kernel_zero 217.743000 0.027780 -1.000000
23 particle_map 217.773000 0.476500 -1.000000
23 make_rho 218.253000 31.365540 -1.000000
23 [CUDA_memcpy_DtoH] 252.032000 2.893940 7.265230
23 [CUDA_memcpy_DtoH] 254.931000 0.001090 0.003420
23 k_charmm_long_fast 257.015000 138.858620 -1.000000
23 [CUDA_memcpy_DtoH] 396.181000 9.477700 1.676300
23 [CUDA_memcpy_DtoH] 405.665000 6.520720 1.218230
23 [CUDA_memcpy_HtoD] 2341.253000 39.936200 2.105880
23 interp 2385.467000 3.213000 -1.000000
23 [CUDA_memcpy_DtoH] 2389.724000 1.467160 5.414340
23 [CUDA_memcpy_HtoD] 2431.730000 0.737370 9.439860
23 [CUDA_memcpy_HtoD] 2432.473000 0.197190 8.824780
23 kernel_zero 2438.482000 0.027900 -1.000000
23 particle_map 2438.512000 0.474580 -1.000000
23 make_rho 2438.991000 31.543050 -1.000000
23 [CUDA_memcpy_DtoH] 2473.115000 2.799410 7.510560
23 [CUDA_memcpy_DtoH] 2475.919000 0.001600 0.002330
23 k_charmm_long_fast 2477.897000 139.074790 -1.000000
23 [CUDA_memcpy_DtoH] 2617.194000 12.878580 1.233630
23 [CUDA_memcpy_DtoH] 2630.083000 4.024490 1.973850
23 [CUDA_memcpy_HtoD] 4562.074000 40.316820 2.085990
23 interp 4602.398000 6.998940 -1.000000
23 [CUDA_memcpy_DtoH] 4609.403000 0.653370 12.158050
23 [CUDA_memcpy_HtoD] 4662.969000 0.812740 8.564520
23 [CUDA_memcpy_HtoD] 4663.798000 0.216710 8.029860
23 kernel_zero 4667.801000 0.027970 -1.000000
23 particle_map 4667.830000 0.476630 -1.000000
23 make_rho 4668.311000 31.471920 -1.000000
23 [CUDA_memcpy_DtoH] 4702.433000 2.676620 7.855110
23 [CUDA_memcpy_DtoH] 4705.114000 0.001280 0.002910
23 k_charmm_long_fast 4707.240000 139.050760 -1.000000
23 [CUDA_memcpy_DtoH] 4846.522000 9.589740 1.656710
23 [CUDA_memcpy_DtoH] 4859.345000 3.928740 2.021950
23 [CUDA_memcpy_HtoD] 6796.813000 42.228480 1.991560
23 interp 6839.403000 7.284200 -1.000000
23 [CUDA_memcpy_DtoH] 6846.699000 1.015820 7.820020
23 [CUDA_memcpy_HtoD] 6891.375000 0.723680 9.618510
23 [CUDA_memcpy_HtoD] 6892.104000 0.201450 8.638340
23 kernel_zero 6898.142000 0.027780 -1.000000
23 particle_map 6898.171000 0.482740 -1.000000
23 make_rho 6898.658000 31.583120 -1.000000
23 [CUDA_memcpy_DtoH] 6932.850000 2.774390 7.578310
23 [CUDA_memcpy_DtoH] 6935.629000 0.001410 0.002650
23 k_charmm_long_fast 6937.617000 139.103400 -1.000000
23 [CUDA_memcpy_DtoH] 7076.902000 12.901010 1.231490
23 [CUDA_memcpy_DtoH] 7089.811000 3.456650 2.298090
23 [CUDA_memcpy_HtoD] 9030.210000 43.413240 1.937210
23 interp 9073.642000 9.160820 -1.000000
23 [CUDA_memcpy_DtoH] 9082.817000 0.744090 10.675680
23 [CUDA_memcpy_HtoD] 9134.737000 0.714330 9.744330
23 [CUDA_memcpy_HtoD] 9135.458000 0.199270 8.732670
23 kernel_zero 9137.031000 0.028450 -1.000000
23 particle_map 9137.064000 0.489460 -1.000000
23 make_rho 9137.569000 34.450280 -1.000000
23 [CUDA_memcpy_DtoH] 9172.028000 3.000540 7.007130
23 [CUDA_memcpy_DtoH] 9175.074000 0.001570 0.002380
23 k_charmm_long_fast 9175.818000 142.173420 -1.000000
23 [CUDA_memcpy_DtoH] 9318.118000 6.680430 2.378200
23 [CUDA_memcpy_DtoH] 9324.804000 3.721790 2.134380
23 [CUDA_memcpy_HtoD] 11275.226000 42.042880 2.000350
23 interp 11317.762000 7.330730 -1.000000
23 [CUDA_memcpy_DtoH] 11325.108000 0.980330 8.103120
23 [CUDA_memcpy_HtoD] 11370.033000 0.727390 9.569440
23 [CUDA_memcpy_HtoD] 11370.766000 0.194820 8.932040
23 kernel_zero 11376.803000 0.027750 -1.000000
23 particle_map 11376.833000 0.479470 -1.000000
23 make_rho 11377.316000 31.545070 -1.000000
23 [CUDA_memcpy_DtoH] 11411.380000 2.728530 7.705680
23 [CUDA_memcpy_DtoH] 11414.112000 0.001500 0.002480
23 k_charmm_long_fast 11416.163000 139.088910 -1.000000
23 [CUDA_memcpy_DtoH] 11555.428000 9.568840 1.660330
23 [CUDA_memcpy_DtoH] 11565.016000 7.387630 1.075270
23 [CUDA_memcpy_HtoD] 13512.146000 42.699640 1.969590
23 interp 13557.903000 5.437730 -1.000000
23 [CUDA_memcpy_DtoH] 13563.445000 0.983430 8.077550
23 [CUDA_memcpy_HtoD] 13615.326000 0.743970 9.356200
23 [CUDA_memcpy_HtoD] 13616.076000 0.186630 9.324100
23 kernel_zero 13616.691000 0.028390 -1.000000
23 particle_map 13616.724000 0.484150 -1.000000
23 make_rho 13617.224000 34.455080 -1.000000
23 [CUDA_memcpy_DtoH] 13651.692000 2.973340 7.071230
23 [CUDA_memcpy_DtoH] 13654.669000 0.001280 0.002910
23 k_charmm_long_fast 13655.490000 142.131240 -1.000000
23 [CUDA_memcpy_DtoH] 13797.879000 8.952500 1.774640
23 [CUDA_memcpy_DtoH] 13806.839000 6.051700 1.312640
23 [CUDA_memcpy_HtoD] 15744.474000 41.190070 2.041770
23 interp 15788.780000 5.423710 -1.000000
23 [CUDA_memcpy_DtoH] 15794.332000 1.021100 7.779590
23 [CUDA_memcpy_HtoD] 15841.086000 0.716890 9.709530
23 [CUDA_memcpy_HtoD] 15841.809000 0.228070 7.629910
23 kernel_zero 15843.373000 0.028160 -1.000000
23 particle_map 15843.407000 0.488400 -1.000000
23 make_rho 15843.909000 34.454310 -1.000000
23 [CUDA_memcpy_DtoH] 15878.370000 3.005150 6.996380
23 [CUDA_memcpy_DtoH] 15881.379000 0.002180 0.001710
23 k_charmm_long_fast 15882.184000 141.933540 -1.000000
23 [CUDA_memcpy_DtoH] 16024.471000 8.692870 1.827640
23 [CUDA_memcpy_DtoH] 16033.171000 6.023130 1.318870
23 [CUDA_memcpy_HtoD] 17981.091000 39.826530 2.111670
23 interp 18025.248000 3.212870 -1.000000
23 [CUDA_memcpy_DtoH] 18029.415000 1.435520 5.533710
23 [CUDA_memcpy_HtoD] 18076.873000 0.750910 9.269680
23 [CUDA_memcpy_HtoD] 18077.630000 0.194180 8.961480
23 kernel_zero 18078.240000 0.028580 -1.000000
23 particle_map 18078.273000 0.488280 -1.000000
23 make_rho 18078.776000 34.415010 -1.000000
23 [CUDA_memcpy_DtoH] 18113.197000 2.927160 7.182780
23 [CUDA_memcpy_DtoH] 18116.165000 0.003040 0.001220
23 k_charmm_long_fast 18117.026000 142.015590 -1.000000
23 [CUDA_memcpy_DtoH] 18259.403000 7.582200 2.095360
23 [CUDA_memcpy_DtoH] 18269.137000 3.798680 2.091180
23 [CUDA_memcpy_HtoD] 20202.560000 42.178820 1.993910
23 interp 20245.099000 7.377170 -1.000000
23 [CUDA_memcpy_DtoH] 20252.483000 0.986150 8.055270
23 [CUDA_memcpy_HtoD] 20298.106000 0.749790 9.283530
23 [CUDA_memcpy_HtoD] 20298.861000 0.196680 8.847750
23 kernel_zero 20303.959000 0.027750 -1.000000
23 particle_map 20303.988000 0.475570 -1.000000
23 make_rho 20304.468000 31.569200 -1.000000
23 [CUDA_memcpy_DtoH] 20338.661000 2.708750 7.761940
23 [CUDA_memcpy_DtoH] 20341.374000 0.001410 0.002650
23 k_charmm_long_fast 20343.421000 139.195820 -1.000000
23 [CUDA_memcpy_DtoH] 20482.657000 12.884910 1.233030
23 [CUDA_memcpy_DtoH] 20495.551000 4.232240 1.876950
23 [CUDA_memcpy_HtoD] 22425.127000 42.125730 1.996420
23 interp 22467.614000 7.309680 -1.000000
23 [CUDA_memcpy_DtoH] 22474.937000 0.973610 8.159050
23 [CUDA_memcpy_HtoD] 22525.685000 0.827170 8.415080
23 [CUDA_memcpy_HtoD] 22526.531000 0.206020 8.446470
23 kernel_zero 22530.548000 0.028100 -1.000000
23 particle_map 22530.578000 0.475540 -1.000000
23 make_rho 22531.058000 31.613490 -1.000000
23 [CUDA_memcpy_DtoH] 22565.250000 2.715540 7.742540
23 [CUDA_memcpy_DtoH] 22567.969000 0.001120 0.003330
23 k_charmm_long_fast 22570.058000 139.029290 -1.000000
23 [CUDA_memcpy_DtoH] 22709.362000 9.465320 1.678490
23 [CUDA_memcpy_DtoH] 22718.836000 7.192230 1.104490
23 [CUDA_memcpy_HtoD] 24653.384000 41.744820 2.014640
23 interp 24695.527000 7.383950 -1.000000
23 [CUDA_memcpy_DtoH] 24702.922000 0.992170 8.006430
23 [CUDA_memcpy_HtoD] 24749.675000 0.809510 8.598720
23 [CUDA_memcpy_HtoD] 24750.502000 0.204330 8.516580
23 kernel_zero 24754.500000 0.027550 -1.000000
23 particle_map 24754.529000 0.481170 -1.000000
23 make_rho 24755.014000 31.752150 -1.000000
23 [CUDA_memcpy_DtoH] 24789.178000 2.749460 7.647020
23 [CUDA_memcpy_DtoH] 24791.931000 0.001280 0.002910
23 k_charmm_long_fast 24793.991000 139.095560 -1.000000
23 [CUDA_memcpy_DtoH] 24933.251000 12.863690 1.235060
23 [CUDA_memcpy_DtoH] 24946.122000 4.303790 1.845750
23 [CUDA_memcpy_HtoD] 26881.531000 39.913060 2.107100
23 interp 26923.370000 5.089840 -1.000000
23 [CUDA_memcpy_DtoH] 26928.558000 0.991850 8.009010
23 [CUDA_memcpy_HtoD] 26980.552000 0.759680 9.162690
23 [CUDA_memcpy_HtoD] 26981.317000 0.192650 9.032930
23 kernel_zero 26986.353000 0.027620 -1.000000
23 particle_map 26986.382000 0.480310 -1.000000
23 make_rho 26986.866000 31.537420 -1.000000
23 [CUDA_memcpy_DtoH] 27020.993000 2.685580 7.828900
23 [CUDA_memcpy_DtoH] 27023.682000 0.001060 0.003530
23 k_charmm_long_fast 27025.776000 139.199250 -1.000000
23 [CUDA_memcpy_DtoH] 27165.255000 9.585800 1.657390
23 [CUDA_memcpy_DtoH] 27174.849000 7.260070 1.094170
23 [CUDA_memcpy_HtoD] 29109.542000 42.708820 1.969160
23 interp 29158.663000 3.520590 -1.000000
23 [CUDA_memcpy_DtoH] 29164.014000 1.694050 4.689180
23 [CUDA_memcpy_HtoD] 29208.812000 0.713600 9.754390
23 [CUDA_memcpy_HtoD] 29209.532000 0.192680 9.031430
23 kernel_zero 29211.097000 0.028610 -1.000000
23 particle_map 29211.130000 0.487640 -1.000000
23 make_rho 29211.634000 34.505000 -1.000000
23 [CUDA_memcpy_DtoH] 29246.149000 2.955710 7.113410
23 [CUDA_memcpy_DtoH] 29249.107000 0.001540 0.002430
23 k_charmm_long_fast 29249.917000 142.314700 -1.000000
23 [CUDA_memcpy_DtoH] 29392.542000 10.054880 1.580070
23 [CUDA_memcpy_DtoH] 29402.604000 3.880860 2.046900
23 [CUDA_memcpy_HtoD] 31340.403000 42.172580 1.994200
23 interp 31382.963000 7.336720 -1.000000
23 [CUDA_memcpy_DtoH] 31390.308000 0.983530 8.076760
23 [CUDA_memcpy_HtoD] 31578.238000 0.802340 8.675560
16 [CUDA_memcpy_HtoD] 31580.967000 1.448890 2.055770
16 [CUDA_memcpy_HtoD] 31583.307000 16.887250 1.234660
16 [CUDA_memcpy_HtoD] 31601.070000 0.279920 6.216820
23 transpose 31607.190000 0.144260 -1.000000
23 calc_cell_id 31607.338000 0.032930 -1.000000
16 radixSortBlocks 31607.374000 0.030850 -1.000000
16 findRadixOffsets 31607.408000 0.009180 -1.000000
16 scan4 31607.420000 0.003330 -1.000000
16 scan4 31607.426000 0.003490 -1.000000
16 vectorAddUniform4 31607.431000 0.002530 -1.000000
16 reorderData 31607.437000 0.021470 -1.000000
16 radixSortBlocks 31607.460000 0.028160 -1.000000
16 findRadixOffsets 31607.490000 0.008510 -1.000000
16 scan4 31607.503000 0.002820 -1.000000
16 scan4 31607.509000 0.003260 -1.000000
16 vectorAddUniform4 31607.515000 0.002530 -1.000000
16 reorderData 31607.520000 0.021060 -1.000000
16 radixSortBlocks 31607.545000 0.026430 -1.000000
16 findRadixOffsets 31607.576000 0.008640 -1.000000
16 scan4 31607.587000 0.003070 -1.000000
16 scan4 31607.593000 0.003460 -1.000000
16 vectorAddUniform4 31607.599000 0.002560 -1.000000
16 reorderData 31607.605000 0.021570 -1.000000
16 radixSortBlocks 31607.630000 0.026240 -1.000000
16 findRadixOffsets 31607.658000 0.009090 -1.000000
16 scan4 31607.670000 0.003170 -1.000000
16 scan4 31607.676000 0.003070 -1.000000
16 vectorAddUniform4 31607.681000 0.002530 -1.000000
16 reorderData 31607.687000 0.021020 -1.000000
16 radixSortBlocks 31607.710000 0.028900 -1.000000
16 findRadixOffsets 31607.741000 0.008290 -1.000000
16 scan4 31607.752000 0.003040 -1.000000
16 scan4 31607.758000 0.003460 -1.000000
16 vectorAddUniform4 31607.763000 0.002530 -1.000000
16 reorderData 31607.768000 0.020830 -1.000000
16 radixSortBlocks 31607.793000 0.029250 -1.000000
16 findRadixOffsets 31607.825000 0.008540 -1.000000
16 scan4 31607.836000 0.003170 -1.000000
16 scan4 31607.841000 0.003100 -1.000000
16 vectorAddUniform4 31607.845000 0.002560 -1.000000
16 reorderData 31607.849000 0.021860 -1.000000
16 radixSortBlocks 31607.875000 0.029630 -1.000000
16 findRadixOffsets 31607.918000 0.008670 -1.000000
16 scan4 31607.931000 0.003140 -1.000000
16 scan4 31607.937000 0.003300 -1.000000
16 vectorAddUniform4 31607.943000 0.002560 -1.000000
16 reorderData 31607.949000 0.021020 -1.000000
16 radixSortBlocks 31607.973000 0.029340 -1.000000
16 findRadixOffsets 31608.004000 0.008770 -1.000000
16 scan4 31608.016000 0.002980 -1.000000
16 scan4 31608.021000 0.003420 -1.000000
16 vectorAddUniform4 31608.026000 0.002660 -1.000000
16 reorderData 31608.030000 0.021180 -1.000000
23 kernel_calc_cell_counts 31608.054000 0.010110 -1.000000
23 calc_neigh_list_cell 31608.065000 171.487870 -1.000000
23 [CUDA_memcpy_DtoH] 31779.560000 0.115270 8.613420
23 kernel_special 31786.308000 33.191440 -1.000000
23 [CUDA_memcpy_HtoD] 31819.513000 0.165960 10.485600
23 kernel_zero 31826.216000 0.027810 -1.000000
23 particle_map 31826.245000 0.477590 -1.000000
23 make_rho 31826.726000 31.292610 -1.000000
23 [CUDA_memcpy_DtoH] 31860.538000 2.979290 7.057100
23 [CUDA_memcpy_DtoH] 31863.523000 0.001380 0.002710
23 k_charmm_long_fast 31865.514000 139.123600 -1.000000
23 [CUDA_memcpy_DtoH] 32004.779000 13.027770 1.219380
23 [CUDA_memcpy_DtoH] 32017.815000 3.969410 2.001020
23 [CUDA_memcpy_HtoD] 33946.719000 42.121570 1.996620
23 interp 33989.217000 7.347720 -1.000000
23 [CUDA_memcpy_DtoH] 33996.573000 0.978410 8.118170
23 [CUDA_memcpy_HtoD] 34043.054000 0.811360 8.579060
23 [CUDA_memcpy_HtoD] 34043.882000 0.205930 8.450390
23 kernel_zero 34045.695000 0.028130 -1.000000
23 particle_map 34045.725000 0.474960 -1.000000
23 make_rho 34046.204000 32.936460 -1.000000
23 [CUDA_memcpy_DtoH] 34080.672000 3.767480 5.580690
23 [CUDA_memcpy_DtoH] 34084.443000 0.001120 0.003320
23 k_charmm_long_fast 34087.278000 138.143460 -1.000000
23 [CUDA_memcpy_DtoH] 34225.825000 7.420590 2.140770
23 [CUDA_memcpy_DtoH] 34233.252000 4.980040 1.594940
23 [CUDA_memcpy_HtoD] 36175.231000 42.533070 1.977300
